7.694184413044390753e-04 5.435219293996419255e-04 1.200960676435574834e-41 1.810696248365170734e-24
4.120384377999713934e-04 5.446097631834225352e-04 4.551082480082908098e-24 7.085549539720147554e-18
5.588687142825431772e-04 7.776739979335435191e-04 3.992968104951591434e-22 5.893906175166883137e-17
2.610189932782257423e-04 2.718832928592826675e-04 2.158112264949245311e-35 2.960174459376383929e-19
4.148853352990371614e-04 8.483005222060204702e-04 3.503998439016692710e-34 2.751210981035317060e-18
3.825146859548981117e-04 4.011629675307615554e-04 2.734381637138628314e-20 5.937088288410004070e-17
5.778895372065052417e-04 4.648736675672189306e-04 1.694258359581533930e-18 1.111121382340416590e-16
2.579785723890996212e-04 2.715703907697883304e-04 3.171707113554891594e-35 7.085840328507304854e-19
1.319534089625537380e-04 1.769076352523213597e-04 1.389885842494575474e-33 3.439237624667098858e-17
3.951370076144118085e-04 4.430774716663434063e-04 9.325697755474708258e-17 3.931088119653037269e-16
5.328656024479056777e-04 6.068868118532092827e-04 4.854606612844320855e-15 4.376701194269578660e-17
6.271244297170584401e-04 3.495905272687707373e-04 6.694130620405325378e-33 1.487560480112810629e-15
5.564850477388827345e-04 3.143428232952757105e-04 4.587659452783913823e-31 7.244367711275038006e-14
2.594434505683355062e-04 2.262551776346915101e-04 2.237431395267987986e-13 1.064504559543047720e-16
2.079571459994819960e-04 4.350201650363955661e-04 9.701404248329199237e-12 3.217605821150001526e-16
8.092733496050728663e-04 8.478788322056289963e-04 6.138463525728371460e-33 3.115147560138772871e-12
3.445195678782261590e-04 2.963744818989487700e-04 2.422512909538075522e-31 1.254650850360619021e-10
2.129228900089630587e-04 1.282548372191917693e-04 3.632005199944433494e-10 7.998888388354601410e-17
1.919797820562794087e-04 1.548446945628046063e-04 1.260822912214919495e-08 2.146034353402439290e-17
4.418998863972803284e-04 1.161315112952485205e-04 9.833999174367668981e-30 4.310256505995078430e-09
4.116341484189392171e-04 2.237836780916999189e-04 2.528315236698882955e-28 1.363332039662984180e-07
5.165092315965297796e-04 2.647526219727406064e-04 3.630178203259302949e-07 6.892389711642506931e-17
4.082675016987466466e-04 2.180326807922893526e-04 9.462498139978060217e-06 2.304884859850684118e-16
2.108833141083109829e-04 3.446688078519778730e-04 5.800237681941106749e-27 3.504778250952839193e-06
5.699598783058969611e-04 1.984325325262380180e-04 1.290184110402476012e-25 8.054036739900802451e-05
2.200466561304172510e-04 4.404900150321452664e-04 1.905990900474826904e-04 3.006935641536549092e-17
3.304552044746870369e-03 3.681656506960684209e-04 3.318576790413785369e-03 6.699515336560747564e-18
4.280339390639699491e-04 2.316692485357001521e-04 2.323585481482518277e-24 1.373659790755268938e-03
4.345030489212462150e-04 1.966468128769570389e-02 3.873761936428948053e-23 1.967139608843501350e-02
3.810519740953875745e-02 4.381096641725410238e-04 3.810889676307419038e-02 3.682623751486912976e-19
3.328339208792507331e-01 5.072104317530567183e-04 3.328377176590517905e-01 2.153578768280421781e-19
3.680200710100528082e-04 1.650254627813865782e-01 3.493990924365609726e-22 1.650278586443080231e-01
1.240931406336872808e-03 9.274294594569993944e-01 1.031444444000295889e-20 9.274333749269251248e-01
9.274296412054185978e-01 1.205560747197315140e-03 9.274333749269244587e-01 1.881712690616625059e-20
1.650254402874849202e-01 5.200670710996317496e-04 1.650278586443099660e-01 7.107039490410945749e-22
6.079707075407016952e-04 3.328345199060180892e-01 1.701794386049789881e-20 3.328377176590576192e-01
3.891688998626642126e-04 3.810468131351223836e-02 7.262429933556285857e-19 3.810889676307503693e-02
1.966418019802630007e-02 4.024618239543016596e-04 1.967139608843545759e-02 2.659922068926499285e-23
2.319710179862620350e-04 4.276507614221444244e-04 1.373659790755342230e-03 1.515314916375980446e-24
3.642947012568982317e-04 3.304800257521990376e-03 2.305597936084206864e-17 3.318576790413862998e-03
4.404365996225456767e-04 2.199047705866992550e-04 2.088718168020303645e-16 1.905990900472187143e-04
1.985872783930733658e-04 5.702959008740723489e-04 8.054036739903830085e-05 7.457128921674638849e-26
3.450292429083784765e-04 2.112561692521316764e-04 3.504778250965419327e-06 4.745336737151080314e-27
2.186913621575023621e-04 4.080805212794081033e-04 8.206989767468503998e-17 9.462498139970470802e-06
2.642584990037889900e-04 5.165517850810780230e-04 8.173368873564124039e-17 3.630178202069043781e-07
2.239780310998933609e-04 4.114649752083300539e-04 1.363332040508987717e-07 1.759926850857946926e-28
1.168424090630829440e-04 4.418966818872066375e-04 4.310256514311270240e-09 5.952673006225044694e-30
1.546486978425106254e-04 1.921355070014163437e-04 1.504260821060373677e-16 1.260822929256573222e-08
1.281430688432025919e-04 2.128354189523006988e-04 2.799088827982578072e-16 3.632006125519581465e-10
2.968746316567612157e-04 3.448695778932937459e-04 1.254650765685600690e-10 1.779427591300012466e-31
8.476081426733637035e-04 8.092015765666525553e-04 3.115151662492376711e-12 4.536254811914424181e-33
4.352993808248876778e-04 2.086383339746495616e-04 5.193436945912840647e-17 9.701421188812134183e-12
2.258437688563678534e-04 2.597672178737154289e-04 1.230830851747576451e-16 2.237451879663733095e-13
3.152276935973222184e-04 5.564705583340603988e-04 7.244779921245325025e-14 1.097035693981934281e-34
3.486183385147921272e-04 6.267195306871879614e-04 1.480947694347503322e-15 2.285025018769517536e-36
6.066725950209485773e-04 5.339076518869874475e-04 2.122597149003193869e-16 4.855401125025442111e-15
4.423982845525689417e-04 3.946587926568266656e-04 5.046099985606980392e-17 9.336831037690898681e-17
1.768373582707158571e-04 1.322441591673143685e-04 2.867733648373601988e-17 4.524445634208997525e-38
2.711784053671096825e-04 2.583458390395918674e-04 4.981950272128283300e-19 8.044743437794343459e-40
4.657016818743495786e-04 5.770904716768979984e-04 6.513383587375885299e-17 1.706153450036165863e-18
4.005775219480184400e-04 3.824734689196095040e-04 9.245534742013118808e-17 2.813338248482014369e-20
8.485173524191078065e-04 4.134449092489926201e-04 8.264143235947431876e-21 1.370329285571944235e-41
2.715090518343151794e-04 2.614739220524125258e-04 1.248225323266068535e-22 1.930119622065207753e-43
7.780191596429554502e-04 5.579632639337728109e-04 2.106614398573363468e-17 4.439787255902180093e-22
5.449855813237665771e-04 4.126711033792235099e-04 6.759432683970749934e-17 6.406532507160191918e-24
5.445848443170707692e-04 7.691237527977587288e-04 1.811218197558057919e-24 6.238002954637603873e-45


9.073452949523925781e+00
6.845693349838256836e+00
2.405797988176345825e-01
1.571829393506050110e-01
5.529508829116821289e+00
3.915595054626464844e+00
1.180990822613239288e-01
9.733045473694801331e-02
2.296050786972045898e+00
1.094899356365203857e+00
8.996684104204177856e-02
7.168537378311157227e-02
3.906173855066299438e-01
2.223485857248306274e-01
2.696453686803579330e-02
2.431333996355533600e-02
2.877683937549591064e-01
3.813588023185729980e-01
2.255318593233823776e-02
2.098077442497014999e-02
4.354478418827056885e-01
4.349283576011657715e-01
1.834088005125522614e-02
1.821331959217786789e-02
3.821790218353271484e-01
2.862977683544158936e-01
1.309348060749471188e-02
1.142421970143914223e-02
1.727355644106864929e-01
9.043572470545768738e-02
1.044704206287860870e-02
1.305982749909162521e-02
1.178658157587051392e-01
1.910278201103210449e-01
2.214142261072993279e-02
1.936456561088562012e-02
1.364404037594795227e-01
5.097811482846736908e-02
1.475290860980749130e-02
1.313897222280502319e-02
5.361137352883815765e-02
9.047033637762069702e-02
1.259942585602402687e-02
1.141138840466737747e-02
1.060576699674129486e-01
1.095321476459503174e-01
7.405154407024383545e-03
7.765174144878983498e-03
1.042196042835712433e-01
8.590454980731010437e-02
9.110635146498680115e-03
8.926420006901025772e-03
5.875384993851184845e-02
3.860883787274360657e-02
7.365067256614565849e-03
5.491165909916162491e-03
4.525686800479888916e-02
7.343444228172302246e-02
1.081559690646827221e-02
7.556281751021742821e-03
8.194517716765403748e-02
5.449643544852733612e-02
3.690214711241424084e-03
5.323538207449018955e-03
2.471061889082193375e-02
1.898385491222143173e-02
5.368602229282259941e-03
4.067345231305807829e-03
3.274375945329666138e-02
4.850469902157783508e-02
5.054836394265294075e-03
5.136444931849837303e-03
5.229175835847854614e-02
4.139246046543121338e-02
2.879737410694360733e-03
2.066766843199729919e-03
2.453210856765508652e-02
1.437158975750207901e-02
3.167945193126797676e-03
4.141095792874693871e-03
1.770936045795679092e-02
2.763147559016942978e-02
3.617658396251499653e-03
2.262789290398359299e-03
3.020177315920591354e-02
2.262235060334205627e-02
2.285095164552330971e-03
2.244510746095329523e-03
1.444543991237878799e-02
1.217751856893301010e-02
1.820603676605969667e-03
2.359087753575295210e-03
1.389137189835309982e-02
1.496270392090082169e-02
2.819985034875571728e-03
1.821575569920241833e-03
1.328270882368087769e-02
9.830501396209001541e-03
1.318587339483201504e-03
1.666129450313746929e-03
6.995316362008452415e-03
6.426413310691714287e-03
2.395899326074868441e-03
2.105595893226563931e-03
7.367894751951098442e-03
7.367997197434306145e-03
2.433501882478594780e-03
2.342956431675702333e-03
5.875942762941122055e-03
4.989508539438247681e-03
2.079390280414372683e-03
1.764244865626096725e-03
6.006701150909066200e-03
7.607755018398165703e-03
2.047100919298827648e-03
2.028497168794274330e-03
7.734482176601886749e-03
5.938994465395808220e-03
1.527692598756402731e-03
1.572197448695078492e-03
3.710764693096280098e-03
2.842530142515897751e-03
1.298549672355875373e-03
9.650591964600607753e-04
3.554056514985859394e-03
4.303767578676342964e-03
1.005664496915414929e-03
1.227282569743692875e-03
3.793000010773539543e-03
2.554197795689105988e-03
8.558075642213225365e-04
7.083626405801624060e-04
1.987535622902214527e-03
2.481196424923837185e-03
6.351303454721346498e-04
4.799557500518858433e-04
3.183046705089509487e-03
3.197053680196404457e-03
4.854703729506582022e-04
5.321270873537287116e-04
2.521091373637318611e-03
1.861104276031255722e-03
4.016688035335391760e-04
2.821018497343175113e-04
1.735496916808187962e-03
1.912897627335041761e-03
2.721624623518437147e-04
2.180178780690766871e-04
1.844484766479581594e-03
1.416503044310957193e-03
1.928129349835216999e-04
2.650151000125333667e-04
9.968566009774804115e-04
8.584575843997299671e-04
2.577509658294729888e-04
2.283556968905031681e-04
8.860322996042668819e-04
8.303710492327809334e-04
2.602331660455092788e-04
2.520808811823371798e-04
6.580449989996850491e-04
5.387692071963101625e-04
2.482747840986121446e-04
2.714128786465153098e-04
5.601844168268144131e-04
5.910880572628229856e-04
2.584379108157008886e-04
2.102467005897779018e-04
4.888170515187084675e-04
3.139552281936630607e-04
1.818894015741534531e-04
1.391404657624661922e-04
2.263386195409111679e-04
2.498492685845121741e-04
1.414984362781979144e-04
1.577370749146211892e-04
2.655324788065627217e-04
1.967498537851497531e-04
1.402305060764774680e-04
1.155553891294403002e-04
1.101620582630857825e-04
1.116808634833432734e-04
1.132105026044882834e-04
9.788250372366746888e-05
1.971967576537281275e-04
2.614285767776891589e-04
1.128103449445916340e-04
1.185965829790802673e-04
2.440056196064688265e-04
1.985808194149285555e-04
9.870713438431266695e-05
7.341190212173387408e-05
1.976919738808646798e-04
2.319623308721929789e-04
6.577302428922848776e-05
6.274117004068102688e-05
2.401270685368217528e-04
2.011388496612198651e-04
5.753518234996590763e-05
4.613383134710602462e-05
1.551078530610539019e-04
1.397687374264933169e-04
2.790020334941800684e-05
2.296279899383080192e-05
1.438462713849730790e-04
1.361587419523857534e-04
2.041717834799783304e-05
1.861276177805848420e-05
1.150673961092252284e-04
1.024918310577049851e-04
2.105558996845502406e-05
1.904164673760533333e-05
1.049788843374699354e-04
1.067482189682777971e-04
1.764368244039360434e-05
1.725947549857664853e-05
9.805113586480729282e-05
8.845620322972536087e-05
1.507844717707484961e-05
1.814453207771293819e-05
8.819520735414698720e-05
9.146061711362563074e-05
1.956915639311773703e-05
1.553325409986427985e-05
8.785196769167669117e-05
8.027511285035870969e-05
1.222811010848090518e-05
1.199317193822935224e-05
7.961757000884972513e-05
8.659688319312408566e-05
1.455151914342422970e-05
1.557334826429723762e-05
9.100885654333978891e-05
8.776067988947033882e-05
1.216523833136307076e-05
1.005231297313002869e-05
8.338351108250208199e-05
8.445442654192447662e-05
1.126520578509371262e-05
1.255753522855229676e-05
8.761828939896076918e-05
8.605511902715079486e-05
1.273405587198794819e-05
1.143128383773728274e-05
8.029174205148592591e-05
7.637804446858353913e-05
1.038034952216548845e-05
1.063726904249051586e-05
7.635330257471650839e-05
7.647480015293695033e-05
1.057127678905089851e-05
1.007324362944927998e-05
7.420321708195842803e-05
7.162802285165525973e-05
9.328527085017412901e-06
8.275763093479326926e-06
7.112346065696328878e-05
7.161023677326738834e-05
7.682913519602152519e-06
7.352892907874775119e-06
7.100751827238127589e-05
6.963927808101288974e-05
7.352829925366677344e-06
7.391635790554573759e-06
6.901015876792371273e-05
6.901482993271201849e-05
6.905281907165772282e-06
6.495772367998142727e-06
6.851044963696040213e-05
6.758085510227829218e-05
6.471207143476931378e-06
6.667111392744118348e-06
6.728130756528116763e-05
6.765080979675985873e-05
6.587371217392501421e-06
6.185349320730892941e-06
6.765299258404411376e-05
6.699939331156201661e-05
5.919046088820323348e-06
6.066623427614104003e-06
6.651729927398264408e-05
6.659145947196520865e-05
6.134361910881125368e-06
6.090997885621618479e-06
6.652372758253477514e-05
6.579636828973889351e-05
5.876083378097973764e-06
5.826308324685669504e-06
6.491076055681332946e-05
6.448405474657192826e-05
5.875765737073379569e-06
5.904611725782160647e-06
6.430315261241048574e-05
6.385128654073923826e-05
5.938577032793546095e-06
5.908935463594389148e-06
6.320752800093032420e-05
6.279500667005777359e-05
5.863758588020573370e-06
5.867562094863387756e-06
6.263046816457062960e-05
6.238260539248585701e-05
5.858213853571214713e-06
5.873817599422181956e-06
6.196698814164847136e-05
6.159477925393730402e-05
5.754877292929450050e-06
5.673212399415206164e-06
6.133994247647933662e-05
6.105380816734395921e-05
5.653767175317625515e-06
5.668332732966518961e-06
6.068988477636594325e-05
6.036536797182634473e-05
5.643812983180396259e-06
5.590629143625847064e-06
6.011549885442946106e-05
5.983602568448986858e-05
5.514106987902778201e-06
5.523936124518513680e-06
5.949598562438040972e-05
5.918331771681550890e-05
5.480020035975030623e-06
5.469133384394808672e-06
5.892179979127831757e-05
5.862168654857669026e-05
5.437706931843422353e-06
5.419003173301462084e-06
5.825283187732566148e-05
5.789469832961913198e-05
5.441439952846849337e-06
5.441417442852980457e-06
5.759272426075767726e-05
5.728830001316964626e-05
5.440698714664904401e-06
5.421783498604781926e-06
5.694153151125647128e-05
5.659797170665115118e-05
5.397144150265376084e-06
5.402954229793976992e-06
5.629908810078632087e-05
5.601136581390164793e-05
5.401251655712258071e-06
5.396008418756537139e-06
5.569718268816359341e-05
5.537351535167545080e-05
5.390413207351230085e-06
5.390007345340563916e-06
5.506900379259604961e-05
5.477091690408997238e-05
5.386439170251833275e-06
5.385416670833365060e-06
5.445965871331281960e-05
5.414372026280034333e-05
5.355243274607346393e-06
5.349663297238294035e-06
5.383835559769067913e-05
5.353580127120949328e-05
5.326665359461912885e-06
5.325850679582799785e-06
5.322637662175111473e-05
5.291682646202389151e-05
5.311420409270795062e-06
5.306880211719544604e-06
5.261374644760508090e-05
5.230839451542124152e-05
5.291031357046449557e-06
5.289503405947471038e-06
5.199580300541128963e-05
5.168415918888058513e-05
5.273409215078572743e-06
5.270472911433898844e-06
5.137920561537612230e-05
5.107371907797642052e-05
5.254664301901357248e-06
5.251411948847817257e-06
5.076361776445992291e-05
5.045579382567666471e-05
5.241431608737912029e-06
5.238683115749154240e-06
5.015472743252757937e-05
4.985443956684321165e-05
5.223592324909986928e-06
5.219782224230584688e-06
4.955105032422579825e-05
4.924832137476187199e-05
5.202541160542750731e-06
5.199916131459758617e-06
4.894951598544139415e-05
4.865136907028499991e-05
5.184097517485497519e-06
5.181142569199437276e-06
4.835174149775411934e-05
4.805290700460318476e-05
5.164902631804579869e-06
5.162454726814758033e-06
4.775675733981188387e-05
4.746145896206144243e-05
5.143955831954372115e-06
5.141480414749821648e-06
4.716636249213479459e-05
4.687257751356810331e-05
5.124112249177414924e-06
5.121268486618646421e-06
4.658053876482881606e-05
4.628904025594238192e-05
5.109993935548118316e-06
5.107316155772423372e-06
4.599835847329813987e-05
4.570937744574621320e-05
5.096953373140422627e-06
5.093913159726071171e-06
4.542209535429719836e-05
4.513556086749304086e-05
5.080578603156027384e-06
5.077807600173400715e-06
4.485042336455080658e-05
4.456744864000938833e-05
5.064143124400288798e-06
5.061199999545351602e-06
4.428635838849004358e-05
4.400631041789893061e-05
5.050283562013646588e-06
5.047419790571439080e-06
4.372787770989816636e-05
4.345145680417772382e-05
5.035959020460722968e-06
5.032989975006785244e-06
4.317692037147935480e-05
4.290366814529988915e-05
5.017844387111836113e-06
5.014756425225641578e-06
4.263219670974649489e-05
4.236279528413433582e-05
4.998998974770074710e-06
4.995884864911204204e-06
4.209541839372832328e-05
4.182972952548880130e-05
4.982156042387941852e-06
4.978954848411376588e-06
4.156614340899977833e-05
4.130463457840960473e-05
4.965945208823541179e-06
4.962763114235713147e-06
4.104522486159112304e-05
4.078778874827548862e-05
4.948750984112848528e-06
4.945488626617589034e-06
4.053262091474607587e-05
4.027967770525719970e-05
4.931916237183031626e-06
4.928615453536622226e-06
4.002897730970289558e-05
3.978051790909375995e-05
4.916208354188711382e-06
4.912845497528905980e-06
3.953455416194628924e-05
3.929094782506581396e-05
4.900512521999189630e-06
4.897107146462076344e-06
3.904971890733577311e-05
3.881094562530051917e-05
4.884376039626658894e-06
4.880921324001974426e-06
3.857475712720770389e-05
3.834107519651297480e-05
4.868465794061194174e-06
4.864944685323280282e-06
3.810992348007857800e-05
3.788137473748065531e-05
4.852714255321188830e-06
4.849129027206799947e-06
3.765551809919998050e-05
3.743231536645907909e-05
4.836769676330732182e-06
4.833122147829271853e-06
3.721179018612019718e-05
3.699403168866410851e-05
4.821275524591328576e-06
4.817566605197498575e-06
3.677905442600604147e-05
3.656686567410361022e-05
4.806586503036669455e-06
4.802815738003118895e-06
3.635748362285085022e-05
3.615097921283449978e-05
4.791998435393907130e-06
4.788163778357557021e-06
3.594732515921350569e-05
3.574658876459579915e-05
4.777253707288764417e-06
4.773358114107395522e-06
3.554875002009794116e-05
3.535389987519010901e-05
4.763018523590289988e-06
4.759064040626981296e-06
3.516196375130675733e-05
3.497303987387567759e-05
4.749284698846167885e-06
4.745266551253735088e-06
3.478707549220416695e-05
3.460416701273061335e-05
4.735271431854926050e-06
4.731195076601579785e-06
3.442421075305901468e-05
3.424734131840523332e-05
4.721021241493872367e-06
4.716882358479779214e-06
3.407346230233088136e-05
3.390268466318957508e-05
4.707216930910362862e-06
4.703022796093137003e-06
3.373489016667008400e-05
3.357021523697767407e-05
4.693843720815493725e-06
4.689591150963678956e-06
3.340853436384350061e-05
3.324997669551521540e-05
4.680448000726755708e-06
4.676140179071808234e-06
3.309440035081934184e-05
3.294195266789756715e-05
4.667171879191300832e-06
4.662808578359545209e-06
3.279247357568237931e-05
3.264611041231546551e-05
4.654351869248785079e-06
4.649936045098002069e-06
3.250269401178229600e-05
3.236238262616097927e-05
4.641823579731862992e-06
4.637357051251456141e-06
3.222498889954295009e-05
3.209067835996393114e-05
4.629360091712442227e-06
4.624843995770788752e-06
3.195925091858953238e-05
3.183087392244488001e-05
4.617064405465498567e-06
4.612501697920379229e-06
3.170533636875916272e-05
3.158281469950452447e-05
4.605005642588366754e-06
4.600398597176535986e-06
3.146308517898432910e-05
3.134632606816012412e-05
4.593090807247790508e-06
4.588442834574379958e-06
3.123230271739885211e-05
3.112120066361967474e-05
4.581351504384656437e-06
4.576664878186420538e-06
3.101277252426370978e-05
3.090721111220773309e-05
4.569847305901930667e-06
4.565125436784001067e-06
3.080425267398823053e-05
3.070409911742899567e-05
4.558492264550295658e-06
4.553737880996777676e-06
3.060647577513009310e-05
3.051158910238882527e-05
4.547256367004592903e-06
4.542473334367969073e-06
3.041915624635294080e-05
3.032938730029854923e-05
4.536225333140464500e-06
4.531416152531164698e-06
3.024198394996346906e-05
3.015716993104433641e-05
4.525347776507260278e-06
4.520516995398793370e-06
3.007463874382665381e-05
2.999461139552295208e-05
4.514498186836135574e-06
4.509648761086282320e-06
2.991677229147171602e-05
2.984135608130600303e-05
4.503721811488503590e-06
4.498858061197097413e-06
2.976803443743847311e-05
2.969704746647039428e-05
4.493105734582059085e-06
4.488231297727907076e-06
2.962805774586740881e-05
2.956131265818839893e-05
4.482578788156388327e-06
4.477697530091973022e-06
2.949646750494139269e-05
2.943377421615878120e-05
4.472076852835016325e-06
4.467192866286495700e-06
2.937287899840157479e-05
2.931404469563858584e-05
4.461666549104847945e-06
4.456783926798379980e-06
2.925690932897850871e-05
2.920173847087426111e-05
4.451372433322831057e-06
4.446495040610898286e-06
2.914816650445573032e-05
2.909646536863874644e-05
4.441121745912823826e-06
4.436254130268935114e-06
2.904626217059558257e-05
2.899783612519968301e-05
4.430893113749334589e-06
4.426038913152297027e-06
2.895080979214981198e-05
2.890546693379292265e-05
4.420718369146925397e-06
4.415881448949221522e-06
2.886142647184897214e-05
2.881897762563312426e-05
4.410584324432420544e-06
4.405768322612857446e-06
2.877773476939182729e-05
2.873799439839785919e-05
4.400464604259468615e-06
4.395674068291555159e-06
2.869936633942415938e-05
2.866215254471171647e-05
4.390368758322438225e-06
4.385607098811306059e-06
2.862596011254936457e-05
2.859109827113570645e-05
4.380296786621329375e-06
4.375567414172110148e-06
2.855716957128606737e-05
2.852448869816726074e-05
4.370235046735615470e-06
4.365541599327116273e-06
2.849265547411050647e-05
2.846199276973493397e-05
4.360189677754533477e-06
4.355535793365561403e-06
2.843209585989825428e-05
2.840329398168250918e-05
4.350159770183381625e-06
4.345548177298041992e-06
2.837518059095600620e-05
2.834808947227429599e-05
4.340125769886071794e-06
4.335559424362145364e-06
2.832161317201098427e-05
2.829609275067923591e-05
4.330090405346709304e-06
4.325572490415652283e-06
2.827111438818974420e-05
2.824702824000269175e-05
4.320070274843601510e-06
4.315603291615843773e-06
2.822342048602877185e-05
2.820064310071757063e-05
4.310056283429730684e-06
4.305642505642026663e-06
2.817828044499037787e-05
2.815669358824379742e-05
4.300038654037052765e-06
4.295680355426156893e-06
2.813546325342031196e-05
2.811495505739003420e-05
4.290034098630712833e-06
4.285733325559704099e-06
2.809474881360074505e-05
2.807521741488017142e-05
4.280051143723540008e-06
4.275809487808146514e-06
2.805593794619198889e-05
2.803728511935332790e-05
4.270077965884411242e-06
4.265897473487711977e-06
2.801883874781196937e-05
2.800097900035325438e-05
4.260116611476405524e-06
4.255998192093102261e-06
2.798328114295145497e-05
2.796613262034952641e-05
4.250178676556970458e-06
4.246123808115953580e-06
2.794910597003763542e-05
2.793259318423224613e-05
4.240264274812943768e-06
4.236273753122077323e-06
2.791616680042352527e-05
2.790022244880674407e-05
4.230371700941759627e-06
4.226446321808907669e-06
2.788433084788266569e-05
2.786889308481477201e-05
4.220507662466843612e-06
4.216647994326194748e-06
2.785347714961972088e-05
2.783848867693450302e-05
4.210677616356406361e-06
4.206884341328986920e-06
2.782349565677577630e-05
2.780890736175933853e-05
4.200882813165662810e-06
4.197155931251472794e-06
2.779428905341774225e-05
2.778005455184029415e-05
4.191128141428634990e-06
4.187467652627674397e-06
2.776576639007544145e-05
2.775184384518070146e-05
4.181416443316265941e-06
4.177822461315372493e-06
2.773784854070981964e-05
2.772420248220441863e-05
4.171748969383770600e-06
4.168221266809268855e-06
2.771046365523943678e-05
2.769706043181940913e-05
4.162130494478333276e-06
4.158668502896034624e-06
2.768354897852987051e-05
2.767035948636475950e-05
4.152565452386625111e-06
4.149168830736016389e-06
2.765704721241490915e-05
2.764404598565306515e-05
4.143053729421808384e-06
4.139721909268700983e-06
2.763090833468595520e-05
2.761807263595983386e-05
4.133598622502177022e-06
4.130330808038706891e-06
2.760508778010262176e-05
2.759239669103408232e-05
4.124205474909103941e-06
4.121000870327407029e-06
2.757954734988743439e-05
2.756698359007714316e-05
4.114875423510966357e-06
4.111732891942665447e-06
2.755425248324172571e-05
2.754180150077445433e-05
4.105608354620926548e-06
4.102526872884482145e-06
2.752917316684033722e-05
2.751682040980085731e-05
4.096407565157278441e-06
4.093386678505339660e-06
2.750428302533691749e-05
2.749201667029410601e-05
4.087275783604127355e-06
4.084313673047290649e-06
2.747956023085862398e-05
2.746737118286546320e-05
4.078212327840446960e-06
4.075308197570848279e-06
2.745498477452201769e-05
2.744286302913678810e-05
4.069218334734614473e-06
4.066370934197038878e-06
2.743053937592776492e-05
2.741847856668755412e-05
4.060296078023384325e-06
4.057503929288941436e-06
2.740620948316063732e-05
2.739420324360253289e-05
4.051445671393594239e-06
4.048707751280744560e-06
2.738198327278951183e-05
2.737002432695589960e-05
4.042667455905757379e-06
4.039982400172448251e-06
2.735784892138326541e-05
2.734593363129533827e-05
4.033961999994062353e-06
4.031328444398241118e-06
2.733379824348958209e-05
2.732192206167383119e-05
4.025329417345346883e-06
4.022746111331798602e-06
2.730982305365614593e-05
2.729798234213376418e-05
4.016769480585935526e-06
4.014235059912607539e-06
2.728591607592534274e-05
2.727410901570692658e-05
4.008282644463179167e-06
4.005795403827505652e-06
2.726207367231836542e-05
2.725029571593040600e-05
3.999867544735025149e-06
3.997426574642304331e-06
2.723828856687759981e-05
2.722653880482539535e-05
3.991524408775148913e-06
3.989127890235977247e-06
2.721455803111894056e-05
2.720283464441308752e-05
3.983252781836199574e-06
3.980899691669037566e-06
2.719087842706358060e-05
2.717918050620937720e-05
3.975051981797150802e-06
3.972740955759945791e-06
2.716724702622741461e-05
2.715557366173015907e-05
3.966920758102787659e-06
3.964650431953486986e-06
2.714366200962103903e-05
2.713201138249132782e-05
3.958858428632083815e-06
3.956627779189147986e-06
2.712012155825505033e-05
2.710849275899818167e-05
3.950864652324526105e-06
3.948672315345902462e-06
2.709662385314004496e-05
2.708501597226131707e-05
3.942937723877548706e-06
3.940782107747509144e-06
2.707316707528661937e-05
2.706158011278603226e-05
3.935076506422774401e-06
3.932956701646617148e-06
2.704975031520007178e-05
2.703818427107762545e-05
3.927280204152339138e-06
3.925194960174849257e-06
2.702637357288040221e-05
2.701482662814669311e-05
3.919547452824190259e-06
3.917495860150665976e-06
2.700303502933820710e-05
2.699150900298263878e-05
3.911877001883112825e-06
3.909857696271501482e-06
2.697973650356288999e-05
2.696822866710135713e-05
3.904268055521242786e-06
3.902279786416329443e-06
2.695647435757564381e-05
2.694498652999754995e-05
3.896718681062338874e-06
3.894760880029934924e-06
2.693324950087117031e-05
2.692178168217651546e-05
3.889228196385374758e-06
3.887299158122914378e-06
2.691006375243887305e-05
2.689861412363825366e-05
3.881794896187784616e-06
3.879894165947916918e-06
2.688691347429994494e-05
2.687548385438276455e-05
3.874417757288028952e-06
3.872543857141863555e-06
2.686380230443319306e-05
2.685239087441004813e-05
3.867095188070379663e-06
3.865247663270565681e-06
2.684072569536510855e-05
2.682933427422540262e-05
3.859826165353297256e-06
3.858003879031457473e-06
2.681768819456920028e-05
2.680631405382882804e-05
3.852609324894729070e-06
3.850811367556161713e-06
2.679468707356136292e-05
2.678333294170442969e-05
3.845443416139460169e-06
3.843668764602625743e-06
2.677172233234159648e-05
2.676038729987340048e-05
3.838327188532275613e-06
3.836575160676147789e-06
2.674879578989930451e-05
2.673747894732514396e-05
3.831259505204798188e-06
3.829529191534675192e-06
2.672590562724508345e-05
2.671460697456495836e-05
3.824238774541299790e-06
3.822529606622993015e-06
2.670305184437893331e-05
2.669177320058224723e-05
3.817264087047078647e-06
3.815575496446399484e-06
2.668023626029025763e-05
2.666897671588230878e-05
3.810334419540595263e-06
3.808665269389166497e-06
2.665745705598965287e-05
2.664621661097044125e-05
3.803448294092959259e-06
3.801798015956592280e-06
2.663471605046652257e-05
2.662349379534134641e-05
3.796604914896306582e-06
3.794972485593461897e-06
2.661201233422616497e-05
2.660081008798442781e-05
3.789802690334909130e-06
3.788188109865586739e-06
2.658934590726858005e-05
2.657816185092087835e-05
3.783041165661416017e-06
3.781443410844076425e-06
2.656671676959376782e-05
2.655555272212950513e-05
3.776318862946936861e-06
3.774737479034229182e-06
2.654412492120172828e-05
2.653297997312620282e-05
3.769634872696769889e-06
3.768069518628180958e-06
2.652157127158716321e-05
2.651044542290037498e-05
3.762988399103051051e-06
3.761438279070716817e-06
2.649905491125537083e-05
2.648794816195731983e-05
3.756378191610565409e-06
3.754842737180297263e-06
2.647657674970105290e-05
2.646549000928644091e-05
3.749803568098286632e-06
3.748282438209571410e-06
2.645413678692420945e-05
2.644306823640363291e-05
3.743263732758350670e-06
3.741756472663837485e-06
2.643173411343013868e-05
2.642068557179300115e-05
3.736757662409218028e-06
3.735263476301042829e-06
2.640936963871354237e-05
2.639833928697044030e-05
3.730284447556186933e-06
3.728803108060674276e-06
2.638704336277442053e-05
2.637603301991475746e-05
3.723843292391393334e-06
3.722374685821705498e-06
2.636475528561277315e-05
2.635376313264714554e-05
3.717433742167486344e-06
3.715977072715759277e-06
2.634250540722860023e-05
2.633153326314641163e-05
3.711054773702926468e-06
3.709609700308647007e-06
2.632029372762190178e-05
2.630934068292845041e-05
3.704705591189849656e-06
3.703271886479342356e-06
2.629812024679267779e-05
2.628718721098266542e-05
3.698385739880905021e-06
3.696963062793656718e-06
2.627598405524622649e-05
2.626507102831965312e-05
3.692094537655066233e-06
3.690682433443726040e-06
2.625388788146665320e-05
2.624299395392881706e-05
3.685831188704469241e-06
3.684429429995361716e-06
2.623179898364469409e-05
2.622088777570752427e-05
3.679595693029114045e-06
3.678203825074888300e-06
2.620970280986512080e-05
2.619880433485377580e-05
3.673377364066254813e-06
3.671995500553748570e-06
2.618763301143189892e-05
2.617674817884108052e-05
3.667181431410426740e-06
3.665808662844938226e-06
2.616559140733443201e-05
2.615472203615354374e-05
3.661016194200783502e-06
3.659652747955988161e-06
2.614357890706742182e-05
2.613272681628586724e-05
3.654875740721763577e-06
3.653521275737148244e-06
2.612160096759907901e-05
2.611076433822745457e-05
3.648757797236612532e-06
3.647411972451664042e-06
2.609965576994000003e-05
2.608883642096770927e-05
3.642664410108409356e-06
3.641326884462614544e-06
2.607774422358488664e-05
2.606693760753842071e-05
3.636594556155614555e-06
3.635265329648973420e-06
2.605582085379865021e-05
2.604499150038463995e-05
3.630542664723179769e-06
3.629221396295179147e-06
2.603388384159188718e-05
2.602306540211429819e-05
3.624503051469218917e-06
3.623189854806696530e-06
2.601197047624737024e-05
2.600116476969560608e-05
3.618488108259043656e-06
3.617182528614648618e-06
2.599008257675450295e-05
2.597929142211796716e-05
3.612500336203083862e-06
3.611202146203140728e-06
2.596822469058679417e-05
2.595744808786548674e-05
3.606532118283212185e-06
3.605241317927720957e-06
2.594639681774424389e-05
2.593563567643286660e-05
3.600582999752077740e-06
3.599299134293687530e-06
2.592459986772155389e-05
2.591385691630421206e-05
3.594655026972759515e-06
3.593378096411470324e-06


3.369667429575194662e-04 3.950070642351070417e-04 1.621364201849096130e-14 6.585737080657289186e-32
3.579759973504187918e-04 1.975011803659200806e-04 1.688110954668785022e-16 1.105394091933889487e-14
3.097862235024303676e-04 4.895671991388366026e-04 2.276699551008757046e-16 1.941161898655885543e-13
4.724340483870200142e-04 4.237094567959949964e-04 2.756856258547366306e-13 1.189737575829225333e-27
6.102328388647859517e-04 3.103727689485676370e-04 4.482092752100613767e-12 1.077621901501486429e-26
3.362534534133875181e-04 4.939916167980071401e-04 5.591145586395763057e-17 3.110344638128973622e-12
3.692973368066091713e-04 3.401178700584966269e-04 3.151314728093904568e-17 4.770508144129030368e-11
2.960396914524645695e-04 4.327060005470218873e-04 6.623857013278992477e-11 2.232474926945733948e-28
2.749437243066533238e-04 5.191615264721350645e-04 9.334557010146721359e-10 1.912827581841609660e-26
3.696322496607260129e-04 2.954827203691165862e-04 1.962238281320673925e-16 6.609441722218805999e-10
3.880094597892128115e-04 5.222134816899574481e-04 2.322444801812961464e-16 8.703202074507241616e-09
2.704824757043326451e-04 3.388082995815677907e-04 1.176996968966707894e-08 6.642548829585912758e-26
3.960715770013683527e-04 2.901481952012869930e-04 1.403060590790454734e-07 8.783079435808657052e-25
2.541287965056256734e-04 3.157078312708473276e-04 8.289189117833275749e-17 1.016888028509078331e-07
2.662588314129170938e-04 1.951683382699232611e-04 1.117288449234280123e-16 1.118009784091549069e-06
7.926679256375713037e-04 2.431310055270069395e-04 1.464248321893619915e-06 1.783156814160799927e-24
4.357391456065775595e-04 3.000691943927467757e-04 1.426788229617687610e-05 1.766752888436327346e-23
3.780920488896607231e-04 1.246357119046616769e-03 6.154930337962074433e-17 1.063121667790204625e-05
1.822899573695537260e-04 2.570290041442900358e-04 7.821738058125331936e-17 9.371255285091610197e-05
4.033288869806536908e-04 2.379412677034415584e-04 1.178151002243239126e-04 1.181297015681258962e-22
2.777316278410313626e-04 3.030173276250000894e-04 8.905508698799255137e-04 9.980684221338076416e-22
2.174746303178364979e-04 4.863023060132779028e-04 1.262170145809818159e-16 6.865911449943221719e-04
4.918822982697442078e-04 2.676679600981379196e-03 7.262033807006282475e-17 4.547650682808352697e-03
5.405459684481393051e-03 3.448618657349194799e-04 5.403591089734901057e-03 7.178656298989852922e-21
2.893995022033752154e-02 4.763833417946821119e-04 2.893721610266146091e-02 3.955520664718682700e-20
3.559563438054268278e-04 2.332739103719230420e-02 6.821659138673126347e-17 2.332505145741089331e-02
3.893794059188990524e-04 1.027497293731667316e-01 3.901064214615843730e-17 1.027478270713634012e-01
1.115030007155394659e-01 2.027051054830595613e-04 1.115024629166604386e-01 1.564235972720939357e-19
3.457114060809308720e-01 5.201589500417327320e-04 3.457099069878424302e-01 4.981663064599042414e-19
4.262252225038369894e-04 2.972495502634182607e-01 8.158731281345389420e-17 2.972492308409339090e-01
7.126211254093482500e-04 6.225458161736046048e-01 1.640127581916456837e-18 6.225433680687600946e-01
5.384282391542449808e-01 4.093420132612608352e-04 5.384285895209124373e-01 9.079421111154635901e-19
3.003991962960452788e-01 4.285796273161511776e-04 3.003988361084553027e-01 5.061005619193523077e-19
4.709034347894336782e-04 3.003992045467174798e-01 7.634191379596000659e-18 3.003988361084510839e-01
3.569127820499084212e-04 5.384282135478622999e-01 6.181606067850501988e-19 5.384285895209117712e-01
6.225458195019852869e-01 7.498439208667306713e-04 6.225433680687619820e-01 1.363514072174423815e-18
2.972495287625372407e-01 3.997493742244548885e-04 2.972492308409347417e-01 9.821897559936866349e-18
5.364698643144604189e-04 3.457114183055631784e-01 7.196561194498488792e-19 3.457099069878428188e-01
2.114164368982769117e-04 1.115029719892258325e-01 1.993681691465157981e-19 1.115024629166603970e-01
1.027497394293096916e-01 4.015037978200544275e-04 1.027478270713637343e-01 1.880877447222146091e-17
2.332739068642793179e-02 3.526828957224989892e-04 2.332505145741092800e-02 2.586784061893751071e-17
4.797826317933363924e-04 2.893988769359471733e-02 4.830459380871784120e-20 2.893721610266138805e-02
3.456008744840553706e-04 5.405502892793863541e-03 9.075005748356059821e-21 5.403591089734795239e-03
2.676692679539891852e-03 4.915594116247118828e-04 4.547650682808401269e-03 6.234667824731784970e-17
4.862725697752755673e-04 2.174331038226329487e-04 6.865911449943007047e-04 4.586481885232156649e-17
3.030143172089701329e-04 2.777640206905954015e-04 1.431788912532884854e-21 8.905508698799847111e-04
2.379728215548844840e-04 4.033623158085206562e-04 1.865747652393547375e-22 1.178151002243388475e-04
2.570537630954665160e-04 1.822538934034770438e-04 9.371255285089128730e-05 1.127261823372477713e-16
1.246398897306802553e-03 3.779794941151916007e-04 1.063121667800973972e-05 3.528118213406428054e-16
3.000279233239773534e-04 4.357165113218755201e-04 2.211757100739723945e-23 1.426788229618846521e-05
2.431780844562094228e-04 7.926789165502552909e-04 2.263679505406637717e-24 1.464248321969979088e-06
1.952057608662476908e-04 2.662386456105283843e-04 1.118009784050939980e-06 8.473516495604398524e-17
3.157420441766527739e-04 2.541127194571297454e-04 1.016888028237124771e-07 8.070562524977906990e-17
2.900926300692004134e-04 3.960936274460487619e-04 2.116878751240440687e-25 1.403060591022921868e-07
3.388327966607899196e-04 2.705144147805276520e-04 1.758149342064720669e-26 1.176996970225973248e-08
5.221600149553196719e-04 3.879785214764840963e-04 8.703202127033273379e-09 1.614874508119420412e-16
2.954771612968938544e-04 3.696371320377535318e-04 6.609441322744082517e-10 1.681074264293616318e-16
5.191308142962911204e-04 2.750017748741011140e-04 1.374233778509153466e-27 9.334556733765981466e-10
4.327257393657551587e-04 2.960870655164710998e-04 9.638892657644451308e-29 6.623859191638892975e-11
3.401699783175106363e-04 3.692802870073303247e-04 4.770502750857751854e-11 7.780372383336756954e-17
4.939451175121908162e-04 3.362520436141252698e-04 3.110332756321832146e-12 1.608953084298005874e-16
3.103509110197211229e-04 6.102760919649683922e-04 6.455345488192357201e-30 4.482093504496513763e-12
4.237264392281170681e-04 4.724935932302876378e-04 3.936333548185567542e-31 2.756327315330816825e-13
4.895360441210302310e-04 3.098537878320650643e-04 1.941288791896878604e-13 1.239142090557214981e-16
1.975196632092925011e-04 3.579916919031760243e-04 1.106516868535719004e-14 7.515846679193127279e-17
3.949649987524642852e-04 3.370145858713563753e-04 2.291279910143974195e-32 1.621752002972856488e-14


6.853553533554077148e+00
4.333613872528076172e+00
2.557633817195892334e-01
2.081883698701858521e-01
2.332440018653869629e+00
1.171697080135345459e+00
1.313125751912593842e-01
9.918428957462310791e-02
4.933514893054962158e-01
2.035269811749458313e-01
7.115463539958000183e-02
1.085128523409366608e-01
1.260616928339004517e-01
1.402416378259658813e-01
1.240385510027408600e-01
1.109006032347679138e-01
1.674336418509483337e-01
1.688184291124343872e-01
9.124040789902210236e-02
6.607685983180999756e-02
1.334290131926536560e-01
9.448812156915664673e-02
9.120249189436435699e-02
6.572043616324663162e-02
8.990290388464927673e-02
1.045004017651081085e-01
4.976523714140057564e-02
4.863681830465793610e-02
9.074258804321289062e-02
5.780618265271186829e-02
4.767006821930408478e-02
4.278479376807808876e-02
4.555307887494564056e-02
4.560033045709133148e-02
3.949169511906802654e-02
3.985187783837318420e-02
4.688638262450695038e-02
4.842988029122352600e-02
4.855134151875972748e-02
4.366687312722206116e-02
4.917458072304725647e-02
3.943588770925998688e-02
4.386513750068843365e-02
4.709718329831957817e-02
3.474429994821548462e-02
3.877153247594833374e-02
4.724549362435936928e-02
4.079698910936713219e-02
3.328701108694076538e-02
2.224267553538084030e-02
2.770277555100619793e-02
2.305358380544930696e-02
2.158497832715511322e-02
2.773872949182987213e-02
2.228797413408756256e-02
2.057797578163444996e-02
2.945782989263534546e-02
2.493420056998729706e-02
1.989700365811586380e-02
1.601876993663609028e-02
2.062044385820627213e-02
1.975997071713209152e-02
1.175205223262310028e-02
1.021331863012164831e-02
1.859070453792810440e-02
1.393713150173425674e-02
1.287258032243698835e-02
1.675300835631787777e-02
1.009101886302232742e-02
1.216488890349864960e-02
1.466740772593766451e-02
7.543176063336431980e-03
1.614249031990766525e-02
1.653171144425868988e-02
3.668024088256061077e-03
4.309426876716315746e-03
1.314654387533664703e-02
9.415153414011001587e-03
6.184807163663208485e-03
8.208524610381573439e-03
8.661979809403419495e-03
9.060848969966173172e-03
8.939167368225753307e-03
7.588972221128642559e-03
8.744413033127784729e-03
9.266071021556854248e-03
4.532872233539819717e-03
2.827762626111507416e-03
1.026630401611328125e-02
9.597708471119403839e-03
3.618489834479987621e-03
4.649014445021748543e-03
7.342824246734380722e-03
5.770780378952622414e-03
3.862931218463927507e-03
2.922087616752833128e-03
5.837235599756240845e-03
5.772061878815293312e-03
2.709951950237154961e-03
3.375228960067033768e-03
4.947307286784052849e-03
4.807646153494715691e-03
3.280157689005136490e-03
2.669565146788954735e-03
5.178713705390691757e-03
4.743639379739761353e-03
2.152508823201060295e-03
1.987713330890983343e-03
3.723529633134603500e-03
3.009228734299540520e-03
2.074397838441655040e-03
2.034139557508751750e-03
2.890817122533917427e-03
2.631217474117875099e-03
1.601842435775324702e-03
1.376772182993590832e-03
2.084863139316439629e-03
1.986092887818813324e-03
1.385556883178651333e-03
1.266723440494388342e-03
2.055489923804998398e-03
1.614609675016254187e-03
9.932859102264046669e-04
8.590180077590048313e-04
9.447442716918885708e-04
7.444662333000451326e-04
8.069582399912178516e-04
7.512172742281109095e-04
8.849948644638061523e-04
8.389787108171731234e-04
8.240218157880008221e-04
8.697034209035336971e-04
8.185978804249316454e-04
9.582175989635288715e-04
8.149033528752624989e-04
6.398213299689814448e-04
9.365836158394813538e-04
8.087703026831150055e-04
5.341795040294528008e-04
5.000727251172065735e-04
8.533349318895488977e-04
1.058875175658613443e-03
4.528248246060684323e-04
3.966803778894245625e-04
1.068278739694505930e-03
8.569461642764508724e-04
3.910373052349314094e-04
3.845761893899179995e-04
7.082716037984937429e-04
6.085963395889848471e-04
2.644533451530151069e-04
1.913851447170600295e-04
4.700276040239259601e-04
3.986105584772303700e-04
2.054896540357731283e-04
2.131481414835434407e-04
4.671553178923204541e-04
4.882865760009735823e-04
1.498893052485072985e-04
9.097484689846169204e-05
4.266196483513340354e-04
4.319388390285894275e-04
1.228908840857911855e-04
1.796937758626881987e-04
4.621242551365867257e-04
4.435572773218154907e-04
1.546289568068459630e-04
9.846512330113910139e-05
4.249124758644029498e-04
4.540444933809340000e-04
9.410860911884810776e-05
1.079883186321239918e-04
4.616515070665627718e-04
4.253831866662949324e-04
8.789305320533458143e-05
6.629595554841216654e-05
4.039055202156305313e-04
3.913554828613996506e-04
6.791238229197915643e-05
8.125506974465679377e-05
3.589573898352682590e-04
3.361803101142868400e-04
8.197497481887694448e-05
5.859976590727455914e-05
3.414958773646503687e-04
3.226739208912476897e-04
3.799877413257490844e-05
4.568136137095279992e-05
2.888983726734295487e-04
2.782113297143951058e-04
5.401638918556272984e-05
4.615271609509363770e-05
2.799163194140419364e-04
2.790152648231014609e-04
3.760518666240386665e-05
4.058828926645219326e-05
2.832916070474311709e-04
2.866563881980255246e-04
4.860955959884449840e-05
4.477016591408755630e-05
2.760685456451028585e-04
2.663048071553930640e-04
2.878614304790971801e-05
2.326284356968244538e-05
2.663140767253935337e-04
2.642506296979263425e-04
3.077286874031415209e-05
3.149274471070384607e-05
2.550318022258579731e-04
2.490035258233547211e-04
2.345539814996300265e-05
2.290493739565135911e-05
2.410004817647859454e-04
2.307698887307196856e-04
2.665755800990154967e-05
2.336397028557257727e-05
2.255867511848919094e-04
2.226066280854865909e-04
1.739096160235931166e-05
1.869130528575624339e-05
2.177642527385614812e-04
2.150152067770250142e-04
2.294003024871926755e-05
2.191882958868518472e-05
2.134738751919940114e-04
2.100276396959088743e-04
1.896140565804671496e-05
1.906493935166508891e-05
2.070259579340927303e-04
2.059525722870603204e-04
2.035551551671233028e-05
1.953006403709878214e-05
2.040337858488783240e-04
2.009880336117930710e-04
1.748752856656210497e-05
1.680310242591076531e-05
1.982922476599924266e-04
1.943856477737426758e-04
1.839686456150957383e-05
1.888709857666981407e-05
1.910248538479208946e-04
1.896399044198915362e-04
1.836047476899693720e-05
1.741052028592093848e-05
1.880429190350696445e-04
1.857203969848342240e-04
1.810911135180504061e-05
1.804055136744864285e-05
1.840293407440185547e-04
1.825184372137300670e-04
1.783288189471932128e-05
1.776130875441594981e-05
1.815185532905161381e-04
1.813741910154931247e-04
1.874930512713035569e-05
1.847498515417100862e-05
1.811446272768080235e-04
1.802721162675879896e-04
1.845323595262016170e-05
1.842911751737119630e-05
1.798302546376362443e-04
1.794915733626112342e-04
1.891012288979254663e-05
1.858567702583968639e-05
1.788848312571644783e-04
1.785821732482872903e-04
1.869075140348286368e-05
1.880644367702188902e-05
1.782830804586410522e-04
1.777030629455111921e-04
1.878421699075261131e-05
1.857901816038065590e-05
1.774291740730404854e-04
1.772491159499622881e-04
1.855346954471315257e-05
1.842977053456706926e-05
1.769863083609379828e-04
1.769467053236439824e-04
1.849559794209199026e-05
1.843420386649086140e-05
1.769690716173499823e-04
1.767292997101321816e-04
1.829562688726582564e-05
1.818812734200037085e-05
1.765421257005073130e-04
1.764432090567424893e-04
1.815579821595747489e-05
1.800498284865170717e-05
1.762318715918809175e-04
1.760791419656015933e-04
1.792694115465565119e-05
1.782702361197152641e-05
1.758551443344913423e-04
1.754534023348242044e-04
1.765480328685953282e-05
1.758628422976471484e-05
1.751228992361575365e-04
1.748672657413408160e-04
1.747357691783690825e-05
1.734176134959852789e-05
1.745521440170705318e-04
1.742636231938377023e-04
1.719406986921967473e-05
1.710981086944229901e-05
1.739819854265078902e-04
1.736658741720020771e-04
1.690832323220092803e-05
1.678753301348478999e-05
1.734089746605604887e-04
1.731779848341830075e-04
1.663427224229963031e-05
1.653058234296622686e-05
1.728931310935877264e-04
1.726347109070047736e-04
1.636805268390162382e-05
1.624452261239639483e-05
1.723751120152883232e-04
1.720923246466554701e-04
1.601488997948763426e-05
1.589041630722931586e-05
1.718371713650412858e-04
1.715856851660646498e-04
1.564437548040586989e-05
1.553233755657856818e-05
1.713218371151015162e-04
1.710714423097670078e-04
1.534126272417779546e-05
1.521149533800780773e-05
1.708213167148642242e-04
1.705680988379754126e-04
1.500334360571287107e-05
1.488189809606410563e-05
1.703436937532387674e-04
1.701166256680153310e-04
1.471349492021545302e-05
1.458070892113028094e-05
1.698805790510959923e-04
1.696473264019005001e-04
1.439818061044206843e-05
1.427397251063666772e-05
1.694090024102479219e-04
1.691733632469549775e-04
1.411690800523501821e-05
1.398064182467351202e-05
1.689409473328851163e-04
1.686979376245290041e-04
1.385025029776443262e-05
1.371857479171012528e-05
1.684514136286452413e-04
1.682082947809249163e-04
1.360483292955905199e-05
1.346709859717520885e-05
1.679624256212264299e-04
1.677179898251779377e-04
1.333355612587183714e-05
1.319471311944653280e-05
1.674722880125045776e-04
1.672224680078215897e-04
1.306265698985953350e-05
1.292190358981315512e-05
1.669752673478797078e-04
1.667262476985342801e-04
1.279295338463271037e-05
1.265134119421418291e-05
1.664759329287335277e-04
1.662252107053063810e-04
1.252014362762565725e-05
1.237985452462453395e-05
1.659717672737315297e-04
1.657157408772036433e-04
1.225215419253800064e-05
1.210878599522402510e-05
1.654599182074889541e-04
1.652022838243283331e-04
1.196756898025341798e-05
1.182629534923762549e-05
1.649451805860735476e-04
1.646871678531169891e-04
1.168851895272382535e-05
1.154678579950996209e-05
1.644269796088337898e-04
1.641670605749823153e-04
1.141238271884503774e-05
1.127322525462659542e-05
1.639070760575123131e-04
1.636460656300187111e-04
1.113669691221730318e-05
1.099879045796114951e-05
1.633848733035847545e-04
1.631216655368916690e-04
1.086648194359440822e-05
1.073175872079445980e-05
1.628579848329536617e-04
1.625937729841098189e-04
1.060554654941370245e-05
1.047415662469575182e-05
1.623283314984291792e-04
1.620616312720812857e-04
1.035390050674322993e-05
1.022606579681450967e-05
1.617943707969971001e-04
1.615255678188987076e-04
1.011029144137864932e-05
9.987563998947734945e-06
1.612566557014361024e-04
1.609864411875605583e-04
9.872035889202379622e-06
9.754084203450474888e-06
1.607153972145169973e-04
1.604433491593226790e-04
9.644263172958744690e-06
9.532008562018745579e-06
1.601703697815537453e-04
1.598960952833294868e-04
9.425869620827143081e-06
9.319314131062128581e-06
1.596213696757331491e-04
1.593450797372497618e-04
9.219089406542479992e-06
9.118897423832095228e-06
1.590681131347082555e-04
1.587897422723472118e-04
9.021176083479076624e-06
8.927263934310758486e-06
1.585105273989029229e-04
1.582302356837317348e-04
8.836747610985185020e-06
8.749390644879895262e-06
1.579491581651382148e-04
1.576667200424708426e-04
8.666262829137849621e-06
8.585454907006351277e-06
1.573836634634062648e-04
1.570992753840982914e-04
8.508703331244760193e-06
8.434245728494715877e-06
1.568142397445626557e-04
1.565279017086140811e-04
8.363632105101714842e-06
8.295470706798369065e-06
1.562407851452007890e-04
1.559523952892050147e-04
8.231213996623409912e-06
8.169129614543635398e-06
1.556632996653206646e-04
1.553728798171505332e-04
8.112279601846239530e-06
8.055983471422223374e-06
1.550817687530070543e-04
1.547893043607473373e-04
8.005370773389586248e-06
7.954551847433322109e-06
1.544961487525142729e-04
1.542016834719106555e-04
7.908924089861102402e-06
7.863265636842697859e-06
1.539065124234184623e-04
1.536100389785133302e-04
7.822474117347155698e-06
7.781597332723322324e-06
1.533128452138043940e-04
1.530143126728944480e-04
7.745890115984366275e-06
7.709458259341772646e-06
1.527150598121806979e-04
1.524144754512235522e-04
7.677242365389247425e-06
7.644879815416061319e-06
1.521131707704626024e-04
1.518105200375430286e-04
7.616296443302417174e-06
7.587634172523394227e-06
1.515071344329044223e-04
1.512024100520648062e-04
7.562146265627234243e-06
7.536843895650235936e-06
1.508969580754637718e-04
1.505901673226617277e-04
7.515184051953838207e-06
7.492894837923813611e-06
1.502826344221830368e-04
1.499737554695457220e-04
7.474351150449365377e-06
7.454760179825825617e-06
1.496641561971046031e-04
1.493531890446320176e-04
7.438592319886083715e-06
7.421394002449233085e-06
1.490414942963980138e-04
1.487284389440901577e-04
7.407479643006809056e-06
7.392387033178238198e-06
1.484146341681480408e-04
1.480994760640896857e-04
7.380840770565555431e-06
7.367605121544329450e-06
1.477835758123546839e-04
1.474663076805882156e-04
7.357690037679276429e-06
7.346068514380021952e-06
1.471483046771027148e-04
1.468289265176281333e-04
7.337910801652469672e-06
7.327698995140963234e-06
1.465087916585616767e-04
1.461872961954213679e-04
7.320608347072266042e-06
7.311612307603354566e-06
1.458650513086467981e-04
1.455414385418407619e-04
7.305838835236500017e-06
7.297885531443171203e-06
1.452170545235276222e-04
1.448913099011406302e-04
7.292946975212544203e-06
7.285889068953110836e-06
1.445647940272465348e-04
1.442369029973633587e-04
7.281578973561408930e-06
7.275280722751631401e-06
1.439082407159730792e-04
1.435782105545513332e-04
7.271720278367865831e-06
7.266064812938566320e-06
1.432474091416224837e-04
1.429152180207893252e-04
7.263148063429980539e-06
7.258033747348235920e-06
1.425822629244066775e-04
1.422479108441621065e-04
7.255584023369010538e-06
7.250920589285669848e-06
1.419127875124104321e-04
1.415762744727544487e-04
7.248997690112446435e-06
7.244708740472560748e-06
1.412389829056337476e-04
1.409003016306087375e-04
7.243110758281545714e-06
7.239129217850859277e-06
1.405608272762037814e-04
1.402199632138945162e-04
7.237998261189204641e-06
7.234267286548856646e-06
1.398783060722053051e-04
1.395352519466541708e-04
7.233240467030555010e-06
7.229710945466649719e-06
1.391914120176807046e-04
1.388461678288877010e-04
7.228852155094500631e-06
7.225482931971782818e-06
1.385001232847571373e-04
1.381526817567646503e-04
7.224809905892470852e-06
7.221565283543895930e-06
1.378044398734346032e-04
1.374547791783697903e-04
7.221025271064718254e-06
7.217875918286154047e-06
1.371043254039250314e-04
1.367524673696607351e-04
7.217411848614574410e-06
7.214332981675397605e-06
1.363997871521860361e-04
1.360457026748917997e-04
7.213862772914581001e-06
7.210832791315624490e-06
1.356908032903447747e-04
1.353344923700205982e-04
7.210411013147677295e-06
7.207412409115931951e-06
1.349773665424436331e-04
1.346188219031319022e-04
7.207060889413696714e-06
7.204078883660258725e-06
1.342594550806097686e-04
1.338986694463528693e-04
7.203711675174417906e-06
7.200734444268164225e-06
1.335370616288855672e-04
1.331740349996834993e-04
7.200416803243570030e-06
7.197433205874403939e-06
1.328101643593981862e-04
1.324448894592933357e-04
7.197109425760572776e-06
7.194111049102502875e-06
1.320787778240628541e-04
1.317112328251823783e-04
7.193795909188338555e-06
7.190775022536399774e-06
1.313428074354305863e-04
1.309729123022407293e-04
7.190430778791778721e-06
7.187382152551435865e-06
1.306021804339252412e-04
1.302299569942988455e-04
7.186997891039936803e-06
7.183915840869303793e-06
1.298568458878435194e-04
1.294822941417805851e-04
7.183524530773865990e-06
7.180404736573109403e-06
1.291068838327191770e-04
1.287300256080925465e-04
7.179953627201030031e-06
7.176792678365018219e-06
1.283523015445098281e-04
1.279731441172771156e-04
7.176311328294104896e-06
7.173105814217706211e-06
1.275931135751307011e-04
1.272116423933766782e-04
7.172577397795976140e-06
7.169324817368760705e-06
1.268293053726665676e-04
1.264455277123488486e-04
7.168750016717240214e-06
7.165447414081427269e-06
1.260607459698803723e-04
1.256744944839738309e-04
7.164813268900616094e-06
7.161458597693126649e-06
1.252873844350688159e-04
1.248987027793191373e-04
7.160771247072261758e-06
7.157362460930016823e-06
1.245091043529100716e-04
1.241180361830629408e-04
7.156650099204853177e-06
7.153185606512124650e-06
1.237260803463868797e-04
1.233326547662727535e-04
7.152437092372565530e-06
7.148914846766274422e-06
1.229383342433720827e-04
1.225424275617115200e-04
7.148111762944608927e-06
7.144529718061676249e-06
1.221456186613067985e-04
1.217473400174640119e-04
7.143670927689527161e-06
7.140027491914224811e-06
1.213481664308346808e-04
1.209475194627884775e-04
7.139096624086960219e-06
7.135390660550910980e-06
1.205459848279133439e-04
1.201429222419392318e-04
7.134398629204952158e-06
7.130627864171401598e-06
1.197388592117931694e-04
1.193333082483150065e-04
7.129553523554932326e-06
7.125716365408152342e-06
1.189268623420502990e-04
1.185189321404322982e-04
7.124588819351629354e-06
7.120683676475891843e-06
1.181101069960277528e-04
1.176998084702063352e-04
7.119482461348525248e-06
7.115507742128102109e-06
1.172886150015983731e-04
1.168759517895523459e-04
7.114235359040321782e-06
7.110188789738458581e-06
1.164623972726985812e-04
1.160473693744279444e-04
7.108834097380167805e-06
7.104714313754811883e-06
1.156314647232647985e-04
1.152140830527059734e-04
7.103275038389256224e-06
7.099080221451004036e-06
1.147958246292546391e-04
1.143761001003440470e-04
7.097552725099376403e-06
7.093280828485148959e-06
1.139554951805621386e-04
1.135334241553209722e-04
7.091660108926589601e-06
7.087309313646983355e-06
1.131104763771872967e-04
1.126860661315731704e-04
7.085604011081159115e-06
7.081172043399419636e-06
1.122607864090241492e-04
1.118340442189946771e-04
7.079370107021532021e-06
7.074855147948255762e-06
1.114064289140515029e-04
1.109773584175854921e-04
7.072948847053339705e-06
7.068348850225447677e-06
1.105474220821633935e-04
1.101160305552184582e-04
7.066329544613836333e-06
7.061642008920898661e-06
1.096837731893174350e-04
1.092500642698723823e-04
7.059514018692425452e-06
7.054736897771363147e-06
1.088155004254076630e-04
1.083794850273989141e-04
7.052496584947220981e-06
7.047627605061279610e-06
1.079426147043704987e-04
1.075043001037556678e-04
7.045269967420608737e-06
7.040306854833033867e-06
1.070651342160999775e-04
1.066245313268154860e-04
7.037828481770702638e-06
7.032768735371064395e-06
1.061830771504901350e-04
1.057401932484935969e-04
7.030164624666213058e-06
7.025005743344081566e-06
1.052964653354138136e-04
1.048513113346416503e-04
7.022271347523201257e-06
7.017010830168146640e-06
1.044053169607650489e-04
1.039579110511112958e-04
7.014140692263026722e-06
7.008775810390943661e-06
1.035096684063319117e-04
1.030600105877965689e-04
7.005767656664829701e-06
7.000295909165288322e-06
1.026095305860508233e-04
1.021576426865067333e-04
6.997144510023645125e-06
6.991563168412540108e-06
1.017049435176886618e-04
1.012508400890510529e-04
6.988263294260832481e-06
6.982569402680383064e-06
1.007959363050758839e-04
1.003396428131964058e-04
6.979115823924075812e-06
6.973306199142825790e-06
9.988254169002175331e-05
9.942406904883682728e-05
6.969693004066357389e-06
6.963764917600201443e-06
9.896480696625076234e-05
9.850417700363323092e-05
6.959987331356387585e-06
6.953937599973869510e-06
9.804276487557217479e-05
9.757999941939488053e-05
6.949990392968175001e-06
6.943815606064163148e-06
9.711645907373167574e-05
9.665158358984626830e-05
6.939695595065131783e-06
6.933393024155520834e-06
9.618594776839017868e-05
9.571898044669069350e-05
6.929093160579213873e-06
6.922659395058872178e-06
9.525127461529336870e-05
9.478224819758906960e-05
6.918172857695026323e-06
6.911604259585146792e-06
9.431249418412335217e-05
9.384144141222350299e-05
6.906925591465551406e-06
6.900218750161002390e-06
9.336967195849865675e-05
9.289662193623371422e-05
6.895342266943771392e-06
6.888493771839421242e-06
9.242287342203781009e-05
9.194785525323823094e-05
6.883413334435317665e-06
6.876419320178683847e-06
9.147215678240172565e-05
9.099521048483438790e-05
6.871127880003768951e-06
6.863984935989719816e-06
9.051760571310296655e-05
9.003877130453474820e-05
6.858476581328432076e-06
6.851180842204485089e-06
8.955929297371767461e-05
8.907861047191545367e-05
6.845448297099210322e-06
6.837995670139207505e-06
8.859730587573722005e-05
8.811481166048906744e-05
6.832032340753357857e-06
6.824418960604816675e-06
8.763172445469535887e-05
8.714747673366218805e-05
6.818217798354453407e-06
6.810439572291215882e-06
8.666265057399868965e-05
8.617669300292618573e-05
6.803993528592400253e-06
6.796046591261983849e-06
8.569018245907500386e-05
8.520256233168765903e-05
6.789348617530777119e-06
6.781228421459672973e-06
8.471442561130970716e-05
8.422520113526843488e-05
6.774270786991110072e-06
6.765973239453160204e-06
8.373548553208820522e-05
8.324471855303272605e-05
6.758748440915951505e-06
6.750268994437647052e-06
8.275348955066874623e-05
8.226124191423878074e-05
6.742769301126827486e-06
6.734103408234659582e-06
8.176855772035196424e-05
8.127489127218723297e-05
6.726320407324237749e-06
6.717463747918372974e-06
8.078082464635372162e-05
8.028580850805155933e-05
6.709390163450734690e-06
6.700338190057664178e-06
7.979042857186868787e-05
7.929413186502642930e-05
6.691965609206818044e-06
6.682713546979357488e-06
7.879751137807033956e-05
7.830001413822174072e-05
6.674033556919312105e-06
6.664576631010277197e-06
7.780223677400499582e-05
7.730361903668381274e-05
6.655580818915041164e-06
6.645914481850923039e-06
7.680475755478255451e-05
7.630510299350135028e-05
6.636594434894504957e-06
6.626713457080768421e-06
7.580524834338575602e-05
7.530464426963590086e-05
6.617060762437176891e-06
6.606960596400313079e-06
7.480389103875495493e-05
7.430243567796424031e-05
6.596966613869881257e-06
6.586642257389030419e-06
7.380086753983050585e-05
7.329865547944791615e-05
6.576298119398416020e-06
6.565744570252718404e-06
7.279638157342560589e-05
7.229351103887893260e-05
6.555041409228579141e-06
6.544253437823499553e-06
7.179063322837464511e-05
7.128721699700690806e-05
6.533182840939844027e-06
6.522155899801873602e-06
7.078384442138485610e-05
7.027999163256026804e-05
6.510708317364333197e-06
6.499437176898936741e-06
6.977623343118466437e-05
6.927206413820385933e-05
6.487604196081520058e-06
6.476083854067837819e-06
6.876804764033295214e-05
6.826367462053894997e-05
6.463856834670878015e-06
6.452081834140699357e-06
6.775952351745218039e-05
6.725507773808203638e-05
6.439452135964529589e-06
6.427417929444345646e-06
6.675091935903765261e-05
6.624653542530722916e-05
6.414376457541948184e-06
6.402078042810899206e-06
6.574250437552109361e-05
6.523832053062506020e-05
6.388616384356282651e-06
6.376048759193508886e-06
6.473455505329184234e-05
6.423071317840367556e-05
6.362158273987006396e-06
6.349316436171648093e-06
6.372736606863327324e-05
6.322401168290525675e-05
6.334989166134619154e-06
6.321868568193167448e-06
6.272122845984995365e-05
6.221852163434959948e-05
6.307096327873296104e-06
6.293692422332242131e-06
6.171646236907690763e-05
6.121455953689292073e-05
6.278467026277212426e-06
6.264774810915696435e-06
6.071338793844915926e-05
6.021245826559606940e-05
6.249088755794218741e-06
6.235104592633433640e-06
5.971233986201696098e-05
5.921255615248810500e-05
6.218950375114218332e-06
6.204669261933304369e-06
5.871366920473519713e-05
5.821520426252391189e-05
6.188040288179763593e-06
6.173458359626238234e-06
5.771772703155875206e-05
5.722077003156300634e-05
6.156348035801784135e-06
6.141461426523164846e-06
5.672488987329415977e-05
5.622962635243311524e-05
6.123862931417534128e-06
6.108668458182364702e-06
5.573553426074795425e-05
5.524216066987719387e-05
6.090576789574697614e-06
6.075070359656820074e-06
5.475005673361010849e-05
5.425877134257461876e-05
6.056480287952581421e-06
6.040659172867890447e-06
5.376885746954940259e-05
5.327986946213059127e-05
6.021565923219895922e-06
6.005427621857961640e-06
5.279235301713924855e-05
5.230587339610792696e-05
5.985827101540053263e-06
5.969368885416770354e-06
5.182097083888947964e-05
5.133721606398466974e-05
5.949258593318518251e-06
5.932478188697132282e-06
5.085514567326754332e-05
5.037433584220707417e-05
5.911854941587080248e-06
5.894750984225538559e-06
4.989532135368790478e-05
4.941768384014721960e-05
5.873613872608984821e-06
5.856184770891559310e-06
4.894195626548025757e-05
4.846772208111360669e-05
5.834532657900126651e-06
5.816778184453141876e-06
4.799551061296369880e-05
4.752491622639354318e-05
5.794611297460505739e-06
5.776530997536610812e-06
4.705646097136195749e-05
4.658974467020016164e-05
5.753850473411148414e-06
5.735444574384018779e-06
4.612528391589876264e-05
4.566268762573599815e-05
5.712252686862484552e-06
5.693522098226821981e-06
4.520246693573426455e-05
4.474423622014001012e-05
5.669822257914347574e-06
5.650768571285880171e-06
4.428850297699682415e-05
4.383488703751936555e-05
5.626565553029649891e-06
5.607190587397781201e-06
4.338388862379360944e-05
4.293513666198123246e-05
5.582489848166005686e-06
5.562796786762191914e-06
4.248912591719999909e-05
4.204548895359039307e-05
5.537605375138809904e-06
5.517597855941858143e-06
4.160471507930196822e-05
4.116644595342222601e-05
5.491923957379185595e-06
5.471605845741578378e-06
4.073116360814310610e-05
4.029851334053091705e-05
5.445459919428685680e-06
5.424836444944958203e-06
3.986897354479879141e-05
3.944219497498124838e-05
5.398229177444591187e-06
5.377306024456629530e-06
3.901864693034440279e-05
3.859799289784859866e-05
5.350250148694613017e-06
5.329034138412680477e-06
3.818068944383412600e-05
3.776640551222953945e-05
5.301543296809541062e-06
5.280042387312278152e-06
3.735558675543870777e-05
3.694792030728422105e-05
5.252132496025296859e-06
5.230354418017668650e-06
3.654383544926531613e-05
3.614302477217279375e-05
5.202042984819854610e-06
5.179997287996229716e-06
3.574591028154827654e-05
3.535219184414017946e-05
5.151302275407942943e-06
5.128999191583716311e-06
3.496228237054310739e-05
3.457588536548428237e-05
5.099940835862071253e-06
5.077391733721015044e-06
3.419341010157950222e-05
3.381456008355598897e-05
5.047991407991503365e-06
5.025207883591065183e-06


4.875044738786087572e-04 5.744113951994898187e-04 2.786452776205358107e-26 3.992178793215246024e-10
1.128294964434538479e-03 6.629583304246086314e-04 5.119572288944249531e-10 3.148765699364457314e-17
1.245430594985811115e-03 1.212697552966257196e-03 4.603258484472673866e-09 1.183036761609909241e-16
6.586800234422927327e-04 7.226975236420161508e-04 2.031381561278530919e-23 3.531452997586966052e-09
6.714704498023425826e-04 9.394287059337214909e-04 1.695358189740728891e-22 2.960033833144847780e-08
7.055168867810202504e-04 7.486530843505570867e-04 3.736190137776994354e-08 9.910469874759411242e-17
7.873990868246317273e-04 1.123505777503444126e-03 2.896834251108612806e-07 4.911553338497928690e-17
1.009028547634865762e-03 1.268835122784087426e-03 8.945547587616330227e-23 2.253114338078256788e-07
5.074235852310693450e-04 6.070511828232314335e-04 5.446446264223048649e-23 1.633225643547350406e-06
1.042673113181660479e-03 8.688338608446000925e-04 2.023092781815007183e-06 6.474610090364997008e-17
6.003477921838493245e-04 5.871920802823881033e-04 1.339009161697876436e-05 1.251753371629805476e-16
1.104307386572071347e-03 8.508936567689000339e-04 3.818185048509383787e-22 1.058052023080121066e-05
6.545006076302679584e-04 6.622880641992854537e-04 1.225696340918856352e-20 6.465673623846919613e-05
9.533383655521710789e-04 1.071967326710237048e-03 7.828990034427781941e-05 9.686099911297213692e-17
8.549505669935066618e-04 3.585550280791984564e-04 4.287109616539387788e-04 1.412389976703816902e-16
7.731564514117603973e-04 1.433199745604555979e-03 2.488619940816818492e-20 3.451228774970693173e-04
5.711398612184765463e-04 1.622443839325259790e-03 1.215276027557656846e-19 1.712879689953857119e-03
1.974294939591325019e-03 4.247739967650773036e-04 2.015150014554526695e-03 3.258453038635018909e-17
8.685696948044439522e-03 6.839755298546362642e-04 8.704222089657535910e-03 3.080739386758185285e-17
5.887302020866417825e-04 7.140711039840443551e-03 5.206171440372702141e-19 7.168550826835378906e-03
8.148569470865593299e-04 2.720701608065853594e-02 1.900247855675127299e-18 2.721656968848613564e-02
3.077607288528581495e-02 5.903224769868031406e-04 3.078466193922076849e-02 6.998797052223020868e-17
9.649289244971066826e-02 8.487698459032981231e-04 9.649610637091915466e-02 1.044102819541915306e-16
8.580155845187694905e-04 8.187080989283923582e-02 5.524864934089018835e-18 8.187686374339395168e-02
9.680680182421094173e-04 2.119248366142138240e-01 1.392967902324054809e-17 2.119267260389499086e-01
2.252573359657681906e-01 6.311586336927878498e-04 2.252606048298007591e-01 1.060471302726084913e-16
4.221512064395702146e-01 7.122668135246449208e-04 4.221570082844312011e-01 1.099046989110073125e-16
7.818367082685680897e-04 3.752237013093037699e-01 2.376146181511375861e-17 3.752271906601692408e-01
1.080251759535011879e-03 4.657020805232761074e-01 2.831758853160811078e-17 4.657069205385225286e-01
4.242559285744538777e-01 1.323198091543324230e-04 4.242647555009900207e-01 8.239355814358375745e-17
8.170454129313409197e-02 5.392411882870869677e-04 8.170806166863522901e-02 1.719011578308286224e-16
6.571973825806683069e-04 1.100570410985947239e-01 3.037642312144361405e-18 1.100664234499820898e-01
1.082649729859388186e-03 3.896361338642426730e-01 2.560838070564815046e-17 3.896410894648107970e-01
3.896350794383542371e-01 1.524347906360852046e-04 3.896410894648102974e-01 3.709620415426305448e-18
1.100581771667197423e-01 4.603329901922712593e-04 1.100664234499847960e-01 1.545252970985391224e-17
6.901052437558272568e-04 8.170628765854320852e-02 9.135966726611564739e-19 8.170806166863332776e-02
8.991296524269122223e-04 4.242550803916808055e-01 1.862977945969382925e-17 4.242647555009897986e-01
4.657013652565945017e-01 9.809381670162246273e-04 4.657069205385241939e-01 2.972138699818476155e-17
3.752210840732330133e-01 2.390869741817268585e-04 3.752271906601697959e-01 2.360684630930268093e-17
8.100362454370675690e-04 4.221511260808488153e-01 2.789900320671901504e-17 4.221570082844322558e-01
1.073981509697085647e-03 2.252600117137210367e-01 4.435453996497673719e-17 2.252606048298015362e-01
2.119262815157978985e-01 5.789497270388216594e-04 2.119267260389498253e-01 1.373237726431997029e-17
8.186852615841531955e-02 1.025552890720489441e-03 8.187686374339364637e-02 5.493684514273755674e-18
6.189760510796886873e-04 9.649332336876285943e-02 3.416663116369346956e-17 9.649610637091966814e-02
5.199121223585392946e-04 3.077563067405800212e-02 4.849136085169287685e-17 3.078466193922102523e-02
2.720523204610027224e-02 8.517991479897012034e-04 2.721656968848605584e-02 1.855937782576646198e-18
7.141711388311085783e-03 5.784426283494669427e-04 7.168550826835432682e-03 4.977413216465570754e-19
6.656053005524154150e-04 8.686313468475028929e-03 4.992165978917915041e-17 8.704222089657655606e-03
4.288885139988703123e-04 1.975326950250309334e-03 3.580800200834758574e-17 2.015150014554493302e-03
1.623674708168163297e-03 5.692758430042581426e-04 1.712879689953821991e-03 1.351221842361880174e-19
1.435026124203069324e-03 7.743848785487939673e-04 3.451228774970469286e-04 9.542961126570427925e-20
3.604103990603765135e-04 8.557625494080000348e-04 2.979468818492623127e-17 4.287109616538215223e-04
1.070470515775209883e-03 9.508886539966842754e-04 1.836879977664126491e-16 7.828990034425492919e-05
6.609093538974238416e-04 6.543131824165988701e-04 6.465673623844946365e-05 2.712054695394183916e-19
8.502701902149692936e-04 1.105161493754454327e-03 1.058052023076395137e-05 8.571552031506131222e-19
5.863202201576505571e-04 6.001391529580666446e-04 8.922427632235506668e-17 1.339009161695635526e-05
8.667843560899576513e-04 1.044065371202385507e-03 1.571651633845619172e-16 2.023092781765366817e-06
6.075657678443705662e-04 5.062714974113315027e-04 1.633225643532972022e-06 4.746508692149835477e-18
1.270284284785221660e-03 1.011000903442235265e-03 2.253114337851636300e-07 1.042899102144883247e-17
1.125385132589105074e-03 7.898760857392992437e-04 2.208109490306795790e-16 2.896834252032531993e-07
7.470926124323096001e-04 7.061079487804441642e-04 1.142458821351476745e-16 3.736190135851023412e-08
9.407759272871616925e-04 6.694556852896546735e-04 2.960033832588625397e-08 1.666447916525973949e-17
7.221703978143319920e-04 6.578341273296874200e-04 3.531453008497622261e-09 3.649476827597927561e-17
1.215677343286238705e-03 1.244613340071920159e-03 3.935786801950764826e-17 4.603258300875662041e-09
6.631667510717325579e-04 1.129375983504858020e-03 5.632169498591441927e-17 5.119571170771224092e-10
5.747640811130882120e-04 4.861790679850235301e-04 3.992178425412089982e-10 7.429182144599511751e-17


5.817901611328125000e+00
4.013299226760864258e+00
2.134218811988830566e-01
1.086716577410697937e-01
2.707148194313049316e+00
1.740270495414733887e+00
1.208695285022258759e-01
8.145312219858169556e-02
1.024146795272827148e+00
6.041084229946136475e-01
1.024652197957038879e-01
1.038990840315818787e-01
3.914446085691452026e-01
2.680838853120803833e-01
1.296146102249622345e-01
1.433075256645679474e-01
1.783889159560203552e-01
1.385947391390800476e-01
1.453163325786590576e-01
1.222645826637744904e-01
1.933959349989891052e-01
1.981108635663986206e-01
1.239826977252960205e-01
1.188181862235069275e-01
1.405418813228607178e-01
1.217082366347312927e-01
1.375678442418575287e-01
1.433322504162788391e-01
1.245484985411167145e-01
1.312967315316200256e-01
1.464706882834434509e-01
1.350431740283966064e-01
1.225964240729808807e-01
7.519248872995376587e-02
1.194432824850082397e-01
1.020972765982151031e-01
3.647284954786300659e-02
4.372498579323291779e-02
8.885766938328742981e-02
8.527569845318794250e-02
7.270263880491256714e-02
7.456856966018676758e-02
8.625623583793640137e-02
6.495102867484092712e-02
4.689446836709976196e-02
2.538365405052900314e-02
6.211725808680057526e-02
6.006672140210866928e-02
2.642146032303571701e-02
4.410911537706851959e-02
6.366096902638673782e-02
6.118540000170469284e-02
5.014724284410476685e-02
3.396177664399147034e-02
4.881777428090572357e-02
4.642568435519933701e-02
2.184320800006389618e-02
2.661560568958520889e-02
4.082929994910955429e-02
3.959333524107933044e-02
3.190526366233825684e-02
2.713437192142009735e-02
3.098933584988117218e-02
2.282641176134347916e-02
1.753909885883331299e-02
9.082695469260215759e-03
1.989710703492164612e-02
2.401233837008476257e-02
1.115513592958450317e-02
1.770999561995267868e-02
2.627699263393878937e-02
2.265367284417152405e-02
1.601460762321949005e-02
1.129685202613472939e-02
2.178350649774074554e-02
1.798231992870569229e-02
7.729636272415518761e-03
6.043630419299006462e-03
1.356633007526397705e-02
1.423696731217205524e-02
7.973692379891872406e-03
8.286942262202501297e-03
1.808662293478846550e-02
1.458092778921127319e-02
6.133835995569825172e-03
7.125200005248188972e-03
8.276982000097632408e-03
6.144887767732143402e-03
9.003234561532735825e-03
7.874108850955963135e-03
6.061371648684144020e-03
6.009377539157867432e-03
5.168678471818566322e-03
2.586896182037889957e-03
7.040474098175764084e-03
7.849841844290494919e-03
2.499161870218813419e-03
4.007678711786866188e-03
7.125407690182328224e-03
6.176761351525783539e-03
4.005913855507969856e-03
3.448405885137617588e-03
5.539463134482502937e-03
3.807385335676372051e-03
3.428105497732758522e-03
3.087908728048205376e-03
2.541067893616855145e-03
2.753089298494160175e-03
2.690939931198954582e-03
1.790251117199659348e-03
3.278549294918775558e-03
3.921554423868656158e-03
1.341693743597716093e-03
2.371495240367949009e-03
3.445165115408599377e-03
2.336600911803543568e-03
2.774374675936996937e-03
2.099898178130388260e-03
2.122881240211427212e-03
2.289428492076694965e-03
1.481659186538308859e-03
1.204002648591995239e-03
2.300950116477906704e-03
1.987621915759518743e-03
1.256262010429054499e-03
1.128666801378130913e-03
1.641009235754609108e-03
1.264128775801509619e-03
1.085202209651470184e-03
1.284678699448704720e-03
1.322355994489043951e-03
1.388851786032319069e-03
1.281086180824786425e-03
1.077722350601106882e-03
1.183763029985129833e-03
1.096835447242483497e-03
6.946103530935943127e-04
5.710019904654473066e-04
1.126965740695595741e-03
1.020879688439890742e-03
7.957271009217947721e-04
8.245864883065223694e-04
8.658521983306854963e-04
7.694863597862422466e-04
7.349195075221359730e-04
6.606883252970874310e-04
4.774510452989488840e-04
2.615269550005905330e-04
6.110545364208519459e-04
5.389816942624747753e-04
4.446057719178497791e-04
5.833153845742344856e-04
4.418509633978828788e-04
4.644815489882603288e-04
5.146863113623112440e-04
3.976573134423233569e-04
5.019580421503633261e-04
5.057467496953904629e-04
3.644272946985438466e-04
3.613383742049336433e-04
4.128430882701650262e-04
3.255247283959761262e-04
2.658848461578600109e-04
2.130000939359888434e-04
3.581475903047248721e-04
3.515369899105280638e-04
2.758697955869138241e-04
2.904268039856106043e-04
3.411539073567837477e-04
3.384829615242779255e-04
2.314114390173926950e-04
2.338439953746274114e-04
3.348846512380987406e-04
3.186153917340561748e-04
2.363384628552012146e-04
1.717222439765464514e-04
2.837905485648661852e-04
2.776085311779752374e-04
1.633375395613256842e-04
1.723029563436284661e-04
2.819559886120259762e-04
2.868929877877235413e-04
1.556189017719589174e-04
1.302211530855856836e-04
2.587719791335985065e-04
2.459676470607519150e-04
1.134881749749183655e-04
1.227851789735723287e-04
2.510724152671173215e-04
2.424946142127737403e-04
1.229722656717058271e-04
1.032520995067898184e-04
2.370625443290919065e-04
2.311244097654707730e-04
1.106807503674644977e-04
1.134928934334311634e-04
2.330457864445634186e-04
2.227041550213471055e-04
8.639819134259596467e-05
7.831852417439222336e-05
2.128038831870071590e-04
2.103767837979830801e-04
9.397507164976559579e-05
9.205816604662686586e-05
2.119023120030760765e-04
2.033524215221405029e-04
8.286011507152579725e-05
8.139528290485031903e-05
1.946769843925721943e-04
1.973646430997177958e-04
8.393804455408826470e-05
7.656355228391475976e-05
1.959401051863096654e-04
1.939308058354072273e-04
6.738310003129299730e-05
6.856821346445940435e-05
1.912038351292721927e-04
1.921348593896254897e-04
6.424436651286669075e-05
6.249858051887713373e-05
1.885251331259496510e-04
1.847724997787736356e-04
6.840625792392529547e-05
6.514346387120895088e-05
1.849141990533098578e-04
1.866145539679564536e-04
6.364066939568147063e-05
6.264546755119226873e-05
1.836046430980786681e-04
1.803441482479684055e-04
6.169652806420344859e-05
6.030907388776540756e-05
1.804769708542153239e-04
1.797199220163747668e-04
5.578800846706144512e-05
5.723248978029005229e-05
1.784695632522925735e-04
1.781714454409666359e-04
5.876994509890209883e-05
5.602076998911798000e-05
1.783303232514299452e-04
1.757161735440604389e-04
5.447780858958140016e-05
5.462504122988320887e-05
1.736891863401979208e-04
1.734170218696817756e-04
5.346195757738314569e-05
5.252514529274776578e-05
1.733920944388955832e-04
1.716163824312388897e-04
5.197255632083397359e-05
5.114639134262688458e-05
1.707635747152380645e-04
1.698934793239459395e-04
4.958149474987294525e-05
4.941441693517845124e-05
1.685431343503296375e-04
1.674526065471582115e-04
4.795765380549710244e-05
4.685321619035676122e-05
1.674153099884279072e-04
1.666062380536459386e-04
4.636575795302633196e-05
4.550230914901476353e-05
1.652487117098644376e-04
1.642091010580770671e-04
4.501873809203971177e-05
4.476124922803137451e-05
1.636832967051304877e-04
1.627481760806404054e-04
4.375594289740547538e-05
4.323773100622929633e-05
1.620001276023685932e-04
1.614803040865808725e-04
4.201019328320398927e-05
4.140145574638154358e-05
1.605760626262053847e-04
1.595282883499749005e-04
4.039051418658345938e-05
3.974054925492964685e-05
1.589630046510137618e-04
1.583759803907014430e-04
3.899155854014679790e-05
3.842801561404485255e-05
1.575706337462179363e-04
1.568031220813281834e-04
3.758535785891581327e-05
3.691782512760255486e-05
1.561547396704554558e-04
1.553583206259645522e-04
3.624708369898144156e-05
3.576448398234788328e-05
1.546398416394367814e-04
1.540877929073758423e-04
3.519949495967011899e-05
3.467188071226701140e-05
1.533944305265322328e-04
1.526233609183691442e-04
3.364222357049584389e-05
3.312751960038440302e-05
1.519746656413190067e-04
1.513354727649129927e-04
3.237981945858336985e-05
3.184170418535359204e-05
1.506629341747611761e-04
1.500158614362590015e-04
3.131282210233621299e-05
3.081916747760260478e-05
1.493973541073501110e-04
1.487192857894115150e-04
3.029203435289673507e-05
2.982193655043374747e-05
1.480742866988293827e-04
1.474831951782107353e-04
2.917080109909875318e-05
2.877560655178967863e-05
1.468391419621184468e-04
1.461946812923997641e-04
2.833481357811251655e-05
2.792067971313372254e-05
1.455773672205395997e-04
1.449657647754065692e-04
2.731658605625852942e-05
2.695763032534159720e-05
1.443350920453667641e-04
1.437362952856346965e-04
2.649550606292905286e-05
2.613865126477321610e-05
1.431289274478331208e-04
1.425179361831396818e-04
2.577487703092629090e-05
2.543250957387499511e-05
1.419217005604878068e-04
1.413436548318713903e-04
2.503155883459839970e-05
2.471364587108837441e-05
1.407356176059693098e-04
1.401518311467953026e-04
2.425302500341786072e-05
2.395394312770804390e-05
1.395612707710824907e-04
1.389903627568855882e-04
2.358923575229709968e-05
2.330486404389375821e-05
1.384032875648699701e-04
1.378451706841588020e-04
2.292505814693868160e-05
2.266381716253818013e-05
1.372666883980855346e-04
1.367065560771152377e-04
2.231237476735259406e-05
2.206520457548322156e-05
1.361400791211053729e-04
1.355939311906695366e-04
2.176347516069654375e-05
2.151907710867817514e-05
1.350294842268340290e-04
1.344865668215788901e-04
2.118821112162549980e-05
2.095917534461477771e-05
1.339328809990547597e-04
1.333964246441610157e-04
2.062932162516517565e-05
2.040789968305034563e-05
1.328506768913939595e-04
1.323238975601270795e-04
2.009789523071958683e-05
1.988427447940921411e-05
1.317835558438673615e-04
1.312597159994766116e-04
1.960693452929263003e-05
1.940321953952661715e-05
1.307251877733506262e-04
1.302094897255301476e-04
1.910320224851602688e-05
1.890697785711381584e-05
1.296828268095850945e-04
1.291731095989234746e-04
1.861238979472545907e-05
1.842152460085344501e-05
1.286522965529002249e-04
1.281482764170505106e-04
1.813693597796373069e-05
1.795568778106826358e-05
1.276340190088376403e-04
1.271376750082708895e-04
1.767578169165062718e-05
1.749941202433547005e-05
1.266290710191242397e-04
1.261379693460185081e-04
1.724062212815624662e-05
1.706889452179893851e-05
1.256352807104121894e-04
1.251502762897871435e-04
1.682112088019493967e-05
1.665718991716858000e-05
1.246552201337181032e-04
1.241763566213194281e-04
1.640317395867896266e-05
1.624519154574954882e-05
1.236854805028997362e-04
1.232120739587116987e-04
1.599860297574196011e-05
1.584642450325191021e-05
1.227288303198292851e-04
1.222611972480081022e-04
1.561916133141494356e-05
1.547361216580611654e-05
1.217827812070026994e-04
1.213209397974424064e-04
1.524557274024118669e-05
1.510629135736962780e-05
1.208486173709388822e-04
1.203923311550170183e-04
1.489303303969791159e-05
1.475989029131596908e-05
1.199253783852327615e-04
1.194745309476274997e-04
1.454706489312229678e-05
1.442026177755906247e-05
1.190125694847665727e-04
1.185671499115414917e-04
1.421352681063581258e-05
1.409335482094320469e-05
1.181107472802978009e-04
1.176704899989999831e-04
1.390248462485033087e-05
1.378853630740195513e-05
1.172196061816066504e-04
1.167845111922360957e-04
1.360156284135882743e-05
1.349378999293548986e-05
1.163385240943171084e-04
1.159087150881532580e-04
1.331731664322433062e-05
1.321588661085115746e-05
1.154679157480131835e-04
1.150430871348362416e-04
1.304239776800386608e-05
1.294715957556036301e-05
1.146076319855637848e-04
1.141878201451618224e-04
1.278090712730772793e-05
1.269164204131811857e-05
1.137572326115332544e-04
1.133424011641182005e-04
1.253475329576758668e-05
1.245133580596302636e-05
1.129168813349679112e-04
1.125068811234086752e-04
1.229970439453609288e-05
1.222196760863880627e-05
1.120860179071314633e-04
1.116807798098307103e-04
1.207808827530243434e-05
1.200577753479592502e-05
1.112649624701589346e-04
1.108644682972226292e-04
1.186529470942332409e-05
1.179822038466227241e-05
1.104531766031868756e-04
1.100573390431236476e-04
1.166614902103901841e-05
1.160404917754931375e-05
1.096508458431344479e-04
1.092595521186012775e-04
1.147730563388904557e-05
1.141985922004096210e-05
1.088574208552017808e-04
1.084706709661986679e-04
1.129861084336880594e-05
1.124556774811935611e-05
1.080732545233331621e-04
1.076909356925170869e-04
1.112980271500418894e-05
1.108084052248159423e-05
1.072978775482624769e-04
1.069199206540361047e-04
1.096816140488954261e-05
1.092299135052599013e-05
1.065313081198837608e-04
1.061576658685225993e-04
1.081626214727293700e-05
1.077459592124796472e-05
1.057732733897864819e-04
1.054038693837355822e-04
1.067231232809717767e-05
1.063384843291714787e-05
1.050237769959494472e-04
1.046585493895690888e-04
1.053456799127161503e-05
1.049902766681043431e-05
1.042825933836866170e-04
1.039214657794218510e-04
1.040429833665257320e-05
1.037141919368878007e-05
1.035496607073582709e-04
1.031925894494634122e-04
1.027910320772207342e-05
1.024863513521268032e-05
1.028248443617485464e-04
1.024717566906474531e-04
1.015978295981767587e-05
1.013147357298294082e-05
1.021080679493024945e-04
1.017589020193554461e-04
1.004604064291925170e-05
1.001966711555724032e-05
1.013990913634188473e-04
1.010537926049437374e-04
9.935765319823985919e-06
9.911128017847659066e-06
1.006978818622883409e-04
1.003563884296454489e-04
9.830223916651448235e-06
9.807130027184030041e-06
1.000043230305891484e-04
9.966657671611756086e-05
9.728176337375771254e-06
9.706457149150082842e-06
9.931828753906302154e-05
9.898423741105943918e-05
9.629602118366165087e-06
9.609101198293501511e-06
9.863966624834574759e-05
9.830925409914925694e-05
9.534379387332592160e-06
9.514958492218283936e-06
9.796836093300953507e-05
9.764152855495922267e-05
9.441572274226928130e-06
9.423108622286235914e-06
9.730426609166897833e-05
9.698096255306154490e-05
9.351366770715685561e-06
9.333748494100291282e-06
9.664724711910821497e-05
9.632742148824036121e-05
9.263618267141282558e-06
9.246751687896903604e-06
9.599723489372991025e-05
9.568083260091952980e-05
9.177907486446201801e-06
9.161707566818222404e-06
9.535411663819104433e-05
9.504108675173483789e-05
9.094196684600319713e-06
9.078590210265247151e-06
9.471780504100024700e-05
9.440810390515252948e-05
9.012281680043088272e-06
8.997204986371798441e-06
9.408819096279330552e-05
9.378176036989316344e-05
8.932003538575372659e-06
8.917401373764732853e-06
9.346517617814242840e-05
9.316197611042298377e-05
8.853437975631095469e-06
8.839264410198666155e-06
9.284868065151385963e-05
9.254866017727181315e-05
8.776316462899558246e-06
8.762529887462733313e-06
9.223860251950100064e-05
9.194171798299066722e-05
8.700441185283125378e-06
8.687006811669562012e-06
9.163486538454890251e-05
9.134106949204578996e-05
8.625962436781264842e-06
8.612849796918453649e-06
9.103736374527215958e-05
9.074661647900938988e-05
8.552636927561252378e-06
8.539821919839596376e-06
9.044602848007343709e-05
9.015828254632651806e-05
8.480520364173571579e-06
8.467980023851851001e-06
8.986076136352494359e-05
8.957597310654819012e-05
8.409550673604826443e-06
8.397267038162681274e-06
8.928148236009292305e-05
8.899961540009826422e-05
8.339566193171776831e-06
8.327523801199276932e-06
8.870811871020123363e-05
8.842912575346417725e-05
8.270685384559328668e-06
8.258869456767570227e-06
8.814057946437969804e-05
8.786443140706978738e-05
8.202794788303435780e-06
8.191193046513944864e-06
8.757879186305217445e-05
8.730544141144491732e-05
8.135849611790035851e-06
8.124453188429470174e-06
8.702267587068490684e-05
8.675209028297103941e-05
8.069810064625926316e-06
8.058609182626241818e-06
8.647215872770175338e-05
8.620429434813559055e-05
8.004697519936598837e-06
7.993684448592830449e-06
8.592716039856895804e-05
8.566198084736242890e-05
7.940448085719253868e-06
7.929616003821138293e-06
8.538761176168918610e-05
8.512508429703302681e-05
7.877086090957163833e-06
7.866427495173411444e-06
8.485344733344390988e-05
8.459353193757124245e-05
7.814564014552161098e-06
7.804074130035587586e-06
8.432457980234175920e-05
8.406724373344331980e-05
7.752847750452929176e-06
7.742520892861648463e-06
8.380095096072182059e-05
8.354616147698834538e-05
7.691955033806152642e-06
7.681787110414006747e-06
8.328249168698675931e-05
8.303021240863017738e-05
7.631854714418295771e-06
7.621840495630749501e-06
8.276913285953924060e-05
8.251933104475028813e-05
7.572512686238042079e-06
7.562647851955262013e-06
8.226081263273954391e-05
8.201345553970895708e-05
7.513917125834268518e-06
7.504198038077447563e-06
8.175745460903272033e-05
8.151251313393004239e-05
7.456079174517071806e-06
7.446501967933727428e-06
8.125901149469427764e-05
8.101644925773143768e-05
7.398958814519573934e-06
7.389519623757223599e-06
8.076540689216926694e-05
8.052519842749461532e-05
7.342553999478695914e-06
7.333249868679558858e-06
8.027658259379677474e-05
8.003869515960104764e-05
7.286851541721262038e-06
7.277678832906531170e-06
7.979248039191588759e-05
7.955688852234743536e-05
7.231824156406219117e-06
7.222779458970762789e-06
7.931303844088688493e-05
7.907970939413644373e-05
7.177475026765023358e-06
7.168556066972087137e-06
7.883820217102766037e-05
7.860709956730715930e-05
7.123783234419533983e-06
7.114986146916635334e-06
7.836790609871968627e-05
7.813900811015628278e-05
7.070733317959820852e-06
7.062055829010205343e-06
7.790209929225966334e-05
7.767538045300170779e-05
7.018317774054594338e-06
7.009756473053130321e-06
7.744071990600787103e-05
7.721615111222490668e-05
6.966526598262134939e-06
6.958078756724717095e-06
7.698372064623981714e-05
7.676127643208019435e-05
6.915351150382775813e-06
6.907014721946325153e-06
7.653103966731578112e-05
7.631068729097023606e-05
6.864771421533077955e-06
6.856543222966138273e-06
7.608262967551127076e-05
7.586434730910696089e-05
6.814780363129102625e-06
6.806658575442270376e-06
7.563843246316537261e-05
7.542219464085064828e-05
6.765372745576314628e-06
6.757354185538133606e-06
7.519840073655359447e-05
7.498417835449799895e-05
6.716531515849055722e-06
6.708613909722771496e-06
7.476247628801502287e-05
7.455025479430332780e-05
6.668248033747659065e-06
6.660429789917543530e-06
7.433061909978277981e-05
7.412036211462691426e-05
6.620514113819808699e-06
6.612792958549107425e-06
7.390277460217475891e-05
7.369446393568068743e-05
6.573320433744811453e-06
6.565693411175743677e-06
7.347888822550885379e-05
7.327250204980373383e-05
6.526657898575649597e-06
6.519124099213513546e-06
7.305892358999699354e-05
7.285443280125036836e-05
6.480514912254875526e-06
6.473071607615565881e-06
7.264282248797826469e-05
7.244020525831729174e-05
6.434885563066927716e-06
6.427531161534716375e-06
7.223054490168578923e-05
7.202977940323762596e-05
6.389759391822735779e-06
6.382491619660868309e-06
7.182204353739507496e-05
7.162311158026568592e-05
6.345127985696308315e-06
6.337945478662732057e-06
7.141727110138162971e-05
7.122014721971936524e-05
6.300985205598408356e-06
6.293885917330044322e-06
7.101618393789976835e-05
7.082084266585297883e-05
6.257320592339965515e-06
6.250302931221085601e-06
7.061874202918261290e-05
7.042516881483606994e-05
6.214127552084391937e-06
6.207190153872943483e-06
7.022489808150567114e-05
7.003306382102891803e-05
6.171399036247748882e-06
6.164539854580652900e-06
6.983460843912325799e-05
6.964449858060106635e-05
6.129127086751395836e-06
6.122344984760275111e-06
6.944782944628968835e-05
6.925942579982802272e-05
6.087304427637718618e-06
6.080597813706845045e-06
6.906452472321689129e-05
6.887780546094290912e-05
6.045923555575427599e-06
6.039290838089073077e-06
6.868465425213798881e-05
6.849959390820004046e-05
6.004978786222636700e-06
5.998418600938748568e-06
6.830817437730729580e-05
6.812475476181134582e-05
5.964463070995407179e-06
5.957974281045608222e-06
6.793504508095793426e-05
6.775325164198875427e-05
5.924369361309800297e-06
5.917950602452037856e-06
6.756522998330183327e-05
6.738504089298658073e-05
5.884691972823929973e-06
5.878341653442475945e-06
6.719868906657211483e-05
6.702008249703794718e-05
5.845423402206506580e-06
5.839140612806659192e-06
6.683538231300190091e-05
6.665834371233358979e-05
5.806559329357696697e-06
5.800343160444754176e-06
6.647527334280312061e-05
6.629978815908543766e-05
5.768092250946210697e-06
5.761941110904444940e-06
6.611832577618770301e-05
6.594437218154780567e-05
5.730017164751188830e-06
5.723929916712222621e-06
6.576450687134638429e-05
6.559206303791143000e-05
5.692328386430745013e-06
5.686303893526201136e-06
6.541377661051228642e-05
6.524283162434585392e-05
5.655020004269317724e-06
5.649057357004494406e-06
6.506609861389733851e-05
6.489663428510539234e-05
5.618086561298696324e-06
5.612184850178891793e-06
6.472144013969227672e-05
6.455343464040197432e-05
5.581522600550670177e-06
5.575680916081182659e-06
6.437976662709843367e-05
6.421320904337335378e-05
5.545323574551730417e-06
5.539540552490507253e-06
6.404104715329594910e-05
6.387591747625265270e-05
5.509483571586315520e-06
5.503758757186005823e-06
6.370523988152854145e-05
6.354152174026239663e-05
5.473998044180916622e-06
5.468330073199467734e-06
6.337232116493396461e-05
6.321000000752974302e-05
5.438862217488349415e-06
5.433250407804735005e-06
6.304225098574534059e-05
6.288131226028781384e-05
5.404070861914078705e-06
5.398514076659921557e-06
6.271500205912161618e-05
6.255543121369555593e-05
5.369619657358271070e-06
5.364117441786220297e-06
6.239054346224293113e-05
6.223232230695430189e-05
5.335503828973742202e-06
5.330055046215420589e-06
6.206884245330002159e-05
6.191195279825478792e-05
5.301718601913307793e-06
5.296322569847689010e-06
6.174986447149422020e-05
6.159429722174536437e-05
5.268259883450809866e-06
5.262915919956867583e-06
6.143358586996328086e-05
6.127932101662736386e-05
5.235123126112739556e-06
5.229830549069447443e-06
6.111997026891913265e-05
6.096699871704913676e-05
5.202304464546614327e-06
5.197061909711919725e-06
6.080899038352072239e-05
6.065729940019082278e-05
5.169799123905249871e-06
5.164606363905477338e-06
6.050062256690580398e-05
6.035019032424315810e-05
5.137603466209839098e-06
5.132459591550286859e-06
6.019483043928630650e-05
6.004564602335449308e-05
5.105712943986873142e-06
5.100617499920190312e-06
5.989158853481058031e-05
5.974364103167317808e-05
5.074124146631220356e-06
5.069076451036380604e-06
5.959086956863757223e-05
5.944414260738994926e-05
5.042832754043047316e-06
5.037831897425348870e-06
5.929264625592622906e-05
5.914712892263196409e-05
5.011835128243546933e-06
5.006880655855638906e-06
5.899688949284609407e-05
5.885256541660055518e-05
4.981127631253912114e-06
4.976218860974768177e-06
5.870357563253492117e-05
5.856043208041228354e-05
4.950706397721660323e-06
4.945842647430254146e-06
5.841267557116225362e-05
5.827069981023669243e-05
4.920567789667984471e-06
4.915748604616965167e-06
5.812416020489763469e-05
5.798334495921153575e-05
4.890708396487752907e-06
4.885932867182418704e-06
5.783801134384702891e-05
5.769834024249576032e-05
4.861124580202158540e-06
4.856392479268833995e-06
5.755419806519057602e-05
5.741565837524831295e-05
4.831812930206069723e-06
4.827123348150053062e-06
5.727269672206602991e-05
5.713527571060694754e-05
4.802770263268030249e-06
4.798122745341970585e-06
5.699348366761114448e-05
5.685716860170941800e-05
4.773992714035557583e-06
4.769386805492104031e-06
5.671653161698486656e-05
5.658131340169347823e-05
4.745477554024546407e-06
4.740912572742672637e-06
5.644181874231435359e-05
5.630768646369688213e-05
4.717221372629865073e-06
4.712696863862220198e-06
5.616932321572676301e-05
5.603626232186798006e-05
4.689221213993732817e-06
4.684736268245615065e-06
5.589901593339163810e-05
5.576701551035512239e-05
4.661473212763667107e-06
4.657028057408751920e-06
5.563087870541494340e-05
5.549992783926427364e-05
4.633975095202913508e-06
4.629568820746499114e-06
5.536488606594502926e-05
5.523497384274378419e-05
4.606723678080015816e-06
4.602355716087913606e-06
5.510101436811964959e-05
5.497213169292081147e-05
4.579715778163517825e-06
4.575385901262052357e-06
5.483924542204476893e-05
5.471137774293310940e-05
4.552948439595638774e-06
4.548656079350621440e-06
5.457955558085814118e-05
5.445269380288664252e-05
4.526419161265948787e-06
4.522163862930028699e-06
5.432192119769752026e-05
5.419605622591916472e-05
4.500124759942991659e-06
4.495905955081980210e-06
5.406632044469006360e-05
5.394144136516842991e-05
4.474062279768986627e-06
4.469879741009208374e-06
5.381273513194173574e-05
5.368883284972980618e-05
4.448229560694016982e-06
4.444082605914445594e-06
5.356114343157969415e-05
5.343820703274104744e-05
4.422623533173464239e-06
4.418511821313586552e-06
5.331152533472049981e-05
5.318954208632931113e-05
4.397241468723223079e-06
4.393164545035688207e-06
5.306385901349131018e-05
5.294282163958996534e-05
4.372080979919701349e-06
4.368038389657158405e-06
5.281812445900868624e-05
5.269802386465016752e-05
4.347139110905118287e-06
4.343130513007054105e-06
5.257430166238918900e-05
5.245512511464767158e-05
4.322413587942719460e-06
4.318438641348620877e-06
5.233237061474937946e-05
5.221411265665665269e-05
4.297902023608912714e-06
4.293960159884591121e-06
5.209231494518462569e-05
5.197496466280426830e-05
4.273601575732755009e-06
4.269692453817697242e-06
5.185411282582208514e-05
5.173766112420707941e-05
4.249509970577491913e-06
4.245633249411184806e-06
5.161774788575712591e-05
5.150218385097105056e-05
4.225624934406368993e-06
4.221780272928299382e-06
5.138319647812750190e-05
5.126851465320214629e-05
4.201943966108956374e-06
4.198130909571773373e-06
5.115044768899679184e-05
5.103663534100633115e-05
4.178464678261661902e-06
4.174682885604852345e-06
5.091947605251334608e-05
5.080652590550016612e-05
4.155184797127731144e-06
4.151433813603944145e-06
5.069026883575133979e-05
5.057817179476842284e-05
4.132102048970409669e-06
4.128381533519132063e-06
5.046280421083793044e-05
5.035155299992766231e-05
4.109214046366105322e-06
4.105523885300499387e-06
5.023706762585788965e-05
5.012665496906265616e-05
4.086518629264901392e-06
4.082858254150778521e-06
5.001304089091718197e-05
4.990345769328996539e-05
4.064013637616881169e-06
4.060382934767403640e-06
4.979070763511117548e-05
4.968194298271555454e-05
4.041696911372127943e-06
4.038095198666269425e-06


