0.000000000000000000e+00 -5.000000000000000000e-01 -1.600000000000000000e+01 2.062780619307121922e-04 1.519322540932604104e+00 1.726922783615058351e-04 6.500914392094674366e-01 1.200960676435574834e-41 0.000000000000000000e+00 1.810696248365170734e-24 0.000000000000000000e+00
1.000000000000000000e+00 5.000000000000000000e-01 -1.600000000000000000e+01 1.383184155243498317e-04 1.357784459346940142e+00 1.157428526456588208e-04 8.856313564344384659e-01 4.551082480082908098e-24 1.094049788818120206e+00 7.085549539720147554e-18 1.394523674343425057e+00
2.000000000000000000e+00 -5.000000000000000000e-01 -1.500000000000000000e+01 1.259784915938262802e-04 1.238281376700095970e+00 1.242371613236428090e-04 6.729678903210311036e-01 3.992968104951591434e-22 1.137091311193968890e+00 5.893906175166883137e-17 1.768734711770241219e-01
3.000000000000000000e+00 5.000000000000000000e-01 -1.500000000000000000e+01 8.529292177825726208e-05 3.211291921279542660e-01 2.378654543805943484e-04 1.218653099100568404e+00 2.158112264949245311e-35 1.155086247832989965e+00 2.960174459376383929e-19 8.546213814369597594e-01
4.000000000000000000e+00 -5.000000000000000000e-01 -1.400000000000000000e+01 1.008651208168085067e-04 1.123016644083909554e+00 9.585565121921247613e-05 2.934230517627623436e-01 3.503998439016692710e-34 1.269618939307758820e+00 2.751210981035317060e-18 4.057598402560996798e-01
5.000000000000000000e+00 5.000000000000000000e-01 -1.400000000000000000e+01 1.523841753329551146e-04 2.991570531527662502e-01 1.415204340235596192e-04 6.529716498150385240e-01 2.734381637138628314e-20 1.291837889096076442e+00 5.937088288410004070e-17 4.676131747703872188e-01
6.000000000000000000e+00 -5.000000000000000000e-01 -1.300000000000000000e+01 9.138414083597454674e-05 8.537899505799142474e-01 6.735181556117988218e-05 5.327692857342294364e-01 1.694258359581533930e-18 1.473660167939237153e+00 1.111121382340416590e-16 8.787798603117441543e-02
7.000000000000000000e+00 5.000000000000000000e-01 -1.300000000000000000e+01 7.657606361771441541e-05 7.054258138019932067e-01 6.320219168615548303e-05 1.381157424856648053e+00 3.171707113554891594e-35 6.904584965038095268e-01 7.085840328507304854e-19 2.165838174339613231e-01
8.000000000000000000e+00 -5.000000000000000000e-01 -1.200000000000000000e+01 1.548647366127695057e-04 1.465173227644984033e+00 1.079799040042998749e-04 4.802522158639838668e-01 1.389885842494575474e-33 1.716239218883909012e-01 3.439237624667098858e-17 7.802856515244583901e-01
9.000000000000000000e+00 5.000000000000000000e-01 -1.200000000000000000e+01 1.106380116728579183e-04 1.343357867583068188e+00 8.168642290936997577e-05 4.853923318535607323e-01 9.325697755474708258e-17 1.479910713691165336e+00 3.931088119653037269e-16 1.134192757628299519e+00
1.000000000000000000e+01 -5.000000000000000000e-01 -1.100000000000000000e+01 1.730235195602329850e-04 1.046124027553629876e+00 1.090836833229391248e-04 4.059761554202100803e-02 4.854606612844320855e-15 1.290235062009019051e+00 4.376701194269578660e-17 4.386556063063423161e-01
1.100000000000000000e+01 5.000000000000000000e-01 -1.100000000000000000e+01 8.829834249640309239e-05 5.803301503930796690e-01 8.800862448082675193e-05 1.545358021645801383e+00 6.694130620405325378e-33 1.068918939216885855e+00 1.487560480112810629e-15 9.609286808696290150e-01
1.200000000000000000e+01 -5.000000000000000000e-01 -1.000000000000000000e+01 1.281445702488355227e-04 1.592048003432059711e-01 6.254735152085040128e-05 8.173429136766651171e-01 4.587659452783913823e-31 4.917406663171951242e-02 7.244367711275038006e-14 1.139735214344337555e+00
1.300000000000000000e+01 5.000000000000000000e-01 -1.000000000000000000e+01 4.353210783113954831e-05 1.003860097119451400e-01 7.450430734641690219e-05 3.421805696399776719e-01 2.237431395267987986e-13 1.100295204720997289e+00 1.064504559543047720e-16 1.137515749252050679e+00
1.400000000000000000e+01 -5.000000000000000000e-01 -9.000000000000000000e+00 5.607640981622154979e-05 1.371469206297765586e+00 8.560225228839786666e-05 7.464024528718915530e-01 9.701404248329199237e-12 9.103160451287450883e-01 3.217605821150001526e-16 9.677808470713557265e-02
1.500000000000000000e+01 5.000000000000000000e-01 -9.000000000000000000e+00 9.378574731448255136e-05 6.952813553228855969e-01 6.565946105320868910e-05 1.150647541689789000e+00 6.138463525728371460e-33 8.083629948873070070e-01 3.115147560138772871e-12 1.329852087536923744e+00
1.600000000000000000e+01 -5.000000000000000000e-01 -8.000000000000000000e+00 8.852429510855068246e-05 2.962446518851906685e-01 7.148302526432888425e-05 8.294531788618069168e-01 2.422512909538075522e-31 1.009623178744628591e+00 1.254650850360619021e-10 1.519831042527417519e+00
1.700000000000000000e+01 5.000000000000000000e-01 -8.000000000000000000e+00 1.333891026021896632e-04 1.500043292478389967e+00 1.928731137461266480e-04 1.373947471629772821e+00 3.632005199944433494e-10 7.203361035709620053e-01 7.998888388354601410e-17 3.405254418186285936e-01
1.800000000000000000e+01 -5.000000000000000000e-01 -7.000000000000000000e+00 1.219473422660940777e-04 2.629256630419116864e-02 1.202241890730145212e-04 1.075202317064824387e+00 1.260822912214919495e-08 5.303567287399120200e-01 2.146034353402439290e-17 1.456423736145604289e-02
1.900000000000000000e+01 5.000000000000000000e-01 -7.000000000000000000e+00 9.386542457370857114e-05 1.179460966627710272e+00 8.541907858759391456e-05 1.129502194745922949e+00 9.833999174367668981e-30 1.150731171789160623e+00 4.310256505995078430e-09 1.431782739076840061e+00
2.000000000000000000e+01 -5.000000000000000000e-01 -6.000000000000000000e+00 1.125972095211530513e-04 1.375673314820717197e+00 1.346612821709974276e-04 1.133884928415428872e+00 2.528315236698882955e-28 1.319649131644940132e+00 1.363332039662984180e-07 1.241803860095161083e+00
2.100000000000000000e+01 5.000000000000000000e-01 -6.000000000000000000e+00 1.419417171588626520e-04 1.532035313780865549e+00 1.331140435661009355e-04 1.059805268259606414e+00 3.630178203259302949e-07 3.403778446611164799e-01 6.892389711642506931e-17 1.486991029405429487e-01
2.200000000000000000e+01 -5.000000000000000000e-01 -5.000000000000000000e+00 7.579066952634556985e-05 3.220410617761096383e-01 7.793799022086120927e-05 2.281402882555240708e-01 9.462498139978060217e-06 1.503989654449228164e-01 2.304884859850684118e-16 3.135417881259858208e-02
2.300000000000000000e+01 5.000000000000000000e-01 -5.000000000000000000e+00 6.552053206669260763e-05 1.113301438214639338e+00 1.019210622328693049e-04 7.909781518041966164e-01 5.800237681941106749e-27 1.566763567218226738e+00 3.504778250952839193e-06 1.051824980750138527e+00
2.400000000000000000e+01 -5.000000000000000000e-01 -4.000000000000000000e+00 7.009567138706847083e-05 1.020360300235085393e+00 1.110699561433263824e-04 9.975157974580065590e-01 1.290184110402476012e-25 1.391816313244389480e+00 8.054036739900802451e-05 8.618461013988305552e-01
2.500000000000000000e+01 5.000000000000000000e-01 -4.000000000000000000e+00 5.587394040709990097e-05 6.984298012226292096e-01 1.228798932414314508e-04 6.190532335349652193e-01 1.905990900474826904e-04 3.957991390206147542e-02 3.006935641536549092e-17 2.651772020503742056e-01
2.600000000000000000e+01 -5.000000000000000000e-01 -3.000000000000000000e+00 7.034306152417934708e-05 3.014602723507359694e-01 5.045044738258143386e-05 6.315495710331749946e-01 3.318576790413785369e-03 2.295587932505288309e-01 6.699515336560747564e-18 3.859198876700120628e-01
2.700000000000000000e+01 5.000000000000000000e-01 -3.000000000000000000e+00 6.037167542809188298e-05 2.647676513561433506e-02 1.510436817227239640e-04 1.459755957232872908e-02 2.323585481482518277e-24 1.122962251907376752e+00 1.373659790755268938e-03 6.718672220497680092e-01
2.800000000000000000e+01 -5.000000000000000000e-01 -2.000000000000000000e+00 1.257680142719481314e-04 1.041497813927345195e+00 1.967135539106269065e-02 1.255739650384581241e+00 3.873761936428948053e-23 7.696924899633402761e-01 1.967139608843501350e-02 4.818883427005370423e-01
2.900000000000000000e+01 5.000000000000000000e-01 -2.000000000000000000e+00 3.810899943048366018e-02 3.520982144134006675e-01 2.553264216291370957e-04 9.593569932628056088e-03 3.810889676307419038e-02 4.195376725997082001e-01 3.682623751486912976e-19 3.980003078391355364e-01
3.000000000000000000e+01 -5.000000000000000000e-01 -1.000000000000000000e+00 3.328396214818302723e-01 1.687989910247639502e-01 2.304153700485018325e-04 1.349785928049633377e+00 3.328377176590517905e-01 6.095165519489365025e-01 2.153578768280421781e-19 1.506253969985815178e-01
3.100000000000000000e+01 5.000000000000000000e-01 -1.000000000000000000e+00 1.341567913224746094e-04 1.564662577386519260e+00 1.650285989907971651e-01 1.418674225998023175e+00 3.493990924365609726e-22 7.161694406838786664e-01 1.650278586443080231e-01 2.919094633513048542e-01
3.200000000000000000e+01 -5.000000000000000000e-01 0.000000000000000000e+00 3.465482451884558182e-04 4.238413253900519262e-01 9.274390150807386712e-01 1.532564206952561126e+00 1.031444444000295889e-20 4.609679142970193877e-02 9.274333749269251248e-01 1.019305840020721388e-01
3.300000000000000000e+01 5.000000000000000000e-01 0.000000000000000000e+00 9.274389849009925246e-01 2.020706129949617277e-02 3.293089712279677317e-04 1.343224573713764691e+00 9.274333749269244587e-01 7.994954312981695788e-01 1.881712690616625059e-20 1.209828517709663487e+00
3.400000000000000000e+01 -5.000000000000000000e-01 1.000000000000000000e+00 1.650286214887943526e-01 2.098956358386333543e-01 1.454318761880213991e-04 1.182973665278895137e+00 1.650278586443099660e-01 9.894743106474006566e-01 7.107039490410945749e-22 1.304479627030323829e+00
3.500000000000000000e+01 5.000000000000000000e-01 1.000000000000000000e+00 2.679529032909145183e-04 1.080107079061394693e+00 3.328395826531689861e-01 1.342451650757424231e+00 1.701794386049789881e-20 6.591602934322984275e-01 3.328377176590576192e-01 8.804829534716034078e-02
3.600000000000000000e+01 -5.000000000000000000e-01 2.000000000000000000e+00 2.441085902828028765e-04 5.327913205033126820e-01 3.810897436114486087e-02 1.153736796054784852e+00 7.262429933556285857e-19 1.125043842068467415e+00 3.810889676307503693e-02 2.780271746963930979e-01
3.700000000000000000e+01 5.000000000000000000e-01 2.000000000000000000e+00 1.967134885916495615e-02 3.783194853850153638e-01 1.277668807679948834e-04 9.806602741275339818e-01 1.967139608843545759e-02 1.179453189996634732e+00 2.659922068926499285e-23 1.510335549072829409e+00
3.800000000000000000e+01 -5.000000000000000000e-01 3.000000000000000000e+00 1.510593311892572440e-04 2.894448197276860979e-01 6.032964684818842727e-05 4.699075644456438550e-01 1.373659790755342230e-03 1.369432069345628333e+00 1.515314916375980446e-24 1.200389924849218470e+00
3.900000000000000000e+01 5.000000000000000000e-01 3.000000000000000000e+00 5.042987000726229890e-05 1.419789023035990638e+00 7.035058959296107135e-05 9.438086059845092191e-01 2.305597936084206864e-17 4.960090117732446902e-01 3.318576790413862998e-03 4.680060540456255636e-01
4.000000000000000000e+01 -5.000000000000000000e-01 4.000000000000000000e+00 1.228923336872479060e-04 9.630738023000041670e-01 5.591080756818653572e-05 2.796443386191833635e-01 2.088718168020303645e-16 8.914005595700178006e-04 1.905990900472187143e-04 6.579849333948587509e-01
4.100000000000000000e+01 5.000000000000000000e-01 4.000000000000000000e+00 1.110726993446153226e-04 1.237807760931973533e+00 7.006887769361099406e-05 1.171025618923625888e+00 8.054036739903830085e-05 1.559410948694820886e+00 7.457128921674638849e-26 8.180750644357581702e-01
4.200000000000000000e+01 -5.000000000000000000e-01 5.000000000000000000e+00 1.019087666574623957e-04 3.194904351426984812e-01 6.552195713224043326e-05 6.274779123748682741e-01 3.504778250965419327e-06 1.392202825525555854e+00 4.745336737151080314e-27 8.317112484428141883e-01
4.300000000000000000e+01 5.000000000000000000e-01 5.000000000000000000e+00 7.792008403751175783e-05 1.521944702859471810e-01 7.577360242474414406e-05 1.183236233290859252e+00 8.206989767468503998e-17 9.186833755679352231e-01 9.462498139970470802e-06 8.479638127440909390e-01
4.400000000000000000e+01 -5.000000000000000000e-01 6.000000000000000000e+00 1.330956602699953206e-04 1.165471784083797591e+00 1.419782744514356328e-04 1.014816634084915403e+00 8.173368873564124039e-17 1.209807401438747654e+00 3.630178202069043781e-07 1.037942692093322128e+00
4.500000000000000000e+01 5.000000000000000000e-01 6.000000000000000000e+00 1.346732914926931587e-04 2.273305624188944885e-01 1.126210846528642452e-04 5.926494798402601738e-01 1.363332040508987717e-07 1.202223946940983224e+00 1.759926850857946926e-28 6.546274330212564774e-01
4.600000000000000000e+01 -5.000000000000000000e-01 7.000000000000000000e+00 8.544647376158987634e-05 7.661139212208550875e-01 9.384209235003105156e-05 1.359452624193586034e+00 4.310256514311270240e-09 1.012245065028846813e+00 5.952673006225044694e-30 4.564809983015605810e-01
4.700000000000000000e+01 5.000000000000000000e-01 7.000000000000000000e+00 1.202281552526014257e-04 1.846203322705031735e-01 1.219135494138496846e-04 2.137459767491298526e-02 1.504260821060373677e-16 1.545863523140626583e+00 1.260822929256573222e-08 1.227921571442558868e+00
4.800000000000000000e+01 -5.000000000000000000e-01 8.000000000000000000e+00 1.928368933621019273e-04 1.137094762468114917e+00 1.334096678252943828e-04 2.177994315482472965e-01 2.799088827982578072e-16 1.561202992556717017e+00 3.632006125519581465e-10 1.417900450791795164e+00
4.900000000000000000e+01 5.000000000000000000e-01 8.000000000000000000e+00 7.148654765977455834e-05 1.431915383073726344e+00 8.850297889131981011e-05 7.036056358347850814e-01 1.254650765685600690e-10 8.222665201822721981e-01 1.779427591300012466e-31 2.572894908930793423e-01
5.000000000000000000e+01 -5.000000000000000000e-01 9.000000000000000000e+00 6.563815929451411368e-05 8.775554324737718792e-01 9.379374817636390886e-05 2.998895543864002478e-01 3.115151662492376711e-12 6.322926708509524207e-01 4.536254811914424181e-33 8.460243681010197470e-02
5.100000000000000000e+01 5.000000000000000000e-01 9.000000000000000000e+00 8.561750770405870254e-05 2.344436737869400877e-01 5.607384830040380890e-05 8.582400936711013228e-01 5.193436945912840647e-17 9.122274078636031236e-01 9.701421188812134183e-12 1.533713323448783861e+00
5.200000000000000000e+01 -5.000000000000000000e-01 1.000000000000000000e+01 7.451117914179077593e-05 5.199933065389018561e-01 4.353072987109690169e-05 4.123112417116033823e-01 1.230830851747576451e-16 1.080358369550909137e+00 2.237451879663733095e-13 1.343734444099491165e+00
5.300000000000000000e+01 5.000000000000000000e-01 1.000000000000000000e+01 6.254801500424149972e-05 4.388320270138439394e-01 1.281465540998301899e-04 4.495491285015312810e-01 7.244779921245325025e-14 4.423106770164721979e-01 1.097035693981934281e-34 1.141469271119096018e-01
5.400000000000000000e+01 -5.000000000000000000e-01 1.100000000000000000e+01 8.803273729355064810e-05 8.127855197507166674e-01 8.828642946434403927e-05 2.845224894432796803e-01 1.480947694347503322e-15 2.523327724316466458e-01 2.285025018769517536e-36 3.027984674989531722e-01
5.500000000000000000e+01 5.000000000000000000e-01 1.100000000000000000e+01 1.090361967491344043e-04 7.304412782063792742e-01 1.729946424183364270e-04 1.334958461615165071e+00 2.122597149003193869e-16 1.307304803370535007e+00 4.855401125025442111e-15 1.153755564750191587e+00
5.600000000000000000e+01 -5.000000000000000000e-01 1.200000000000000000e+01 8.166167426456256214e-05 1.242255585321734301e+00 1.106465290936027357e-04 1.258778314413512511e+00 5.046099985606980392e-17 1.135569029262444518e+00 9.336831037690898681e-17 9.637766854004179429e-01
5.700000000000000000e+01 5.000000000000000000e-01 1.200000000000000000e+01 1.079370096454090850e-04 1.082246153293239477e+00 1.548337120422716882e-04 8.127292799458429862e-01 2.867733648373601988e-17 6.235415691368034752e-02 4.524445634208997525e-38 4.954638237887973862e-01
5.800000000000000000e+01 -5.000000000000000000e-01 1.300000000000000000e+01 6.320077244047314809e-05 1.497341649776827044e+00 7.657644475915033257e-05 6.308410824015456830e-01 4.981950272128283300e-19 1.276247060763244789e-01 8.044743437794343459e-40 6.841434457488142495e-01
5.900000000000000000e+01 5.000000000000000000e-01 1.300000000000000000e+01 6.733464353447672754e-05 7.696864265694198792e-01 9.138618698772155310e-05 1.479236957209072667e+00 6.513383587375885299e-17 1.040098708363531799e+00 1.706153450036165863e-18 7.737978060545093184e-01
6.000000000000000000e+01 -5.000000000000000000e-01 1.400000000000000000e+01 1.415223352479804363e-04 6.444159886195157672e-01 1.523508216253054333e-04 7.410737366164764639e-01 9.245534742013118808e-17 1.489849704172997669e+00 2.813338248482014369e-20 5.838189266806065314e-01
6.100000000000000000e+01 5.000000000000000000e-01 1.400000000000000000e+01 9.583531986087929903e-05 5.988490016540536365e-01 1.008840041332512009e-04 8.806821569495373314e-01 8.264143235947431876e-21 3.176035600793158387e-01 1.370329285571944235e-41 8.690700444761859655e-01
6.200000000000000000e+01 -5.000000000000000000e-01 1.500000000000000000e+01 2.378629798165463191e-04 2.771799648266916050e-01 8.536342514791898819e-05 1.127459541062268006e-01 1.248225323266068535e-22 5.075931052792821419e-01 1.930119622065207753e-43 1.163989092976217332e+00
6.300000000000000000e+01 5.000000000000000000e-01 1.500000000000000000e+01 1.242069729009412295e-04 8.493598356608512701e-01 1.259863522475839349e-04 1.087411513370742044e+00 2.106614398573363468e-17 3.797345942065653568e-01 4.439787255902180093e-22 3.938400474219789227e-01
6.400000000000000000e+01 -5.000000000000000000e-01 1.600000000000000000e+01 1.157468253636316469e-04 1.525624355303344393e+00 1.382966414636243430e-04 1.413014183592851136e-01 6.759432683970749934e-17 1.743574808487506067e-01 6.406532507160191918e-24 2.038611682252486901e-01
6.500000000000000000e+01 5.000000000000000000e-01 1.600000000000000000e+01 1.726936069243761212e-04 1.411317748797730420e+00 2.063298149711745798e-04 1.269467330288493567e+00 1.811218197558057919e-24 6.977119413400008074e-01 6.238002954637603873e-45 1.293297853902210637e+00


1.003403700888156891e-01
4.310317616909742355e-02
1.911229826509952545e-02
3.029609750956296921e-02
1.333124516531825066e-02
2.439914038404822350e-02
1.932705100625753403e-02
6.461681565269827843e-03
1.046997227240353823e-02
6.279713707044720650e-03
8.739965967833995819e-03
1.405353948939591646e-03
6.986054824665188789e-03
2.519719069823622704e-03
3.591272921767085791e-03
1.687709183897823095e-03
3.295018745120614767e-03
2.595607220428064466e-04
2.511235245037823915e-03
8.519968541804701090e-04
1.198535246658138931e-03
9.515232522971928120e-04
7.505880057578906417e-04
4.823572235181927681e-04
4.983664694009348750e-04
3.312565604574047029e-04
1.797720906324684620e-04
3.346643206896260381e-04
1.031895408232230693e-04
1.979138614842668176e-04
1.290542531933169812e-04
8.842375609674490988e-05
1.275604045076761395e-04
7.476781320292502642e-05
7.051436114124953747e-05
5.708841490559279919e-05
4.449847983778454363e-05
2.635042119436548091e-05
3.816329171968391165e-05
2.072278948617167771e-05
1.409467427038180176e-05
2.823927161443862133e-05
5.861307727172970772e-06
1.827129426601459272e-05
1.340991775578004308e-05
8.603396054240874946e-06
8.351964424946345389e-06
8.760256150708300993e-06
6.846283667982788756e-06
4.672021532314829528e-06
7.146276630010106601e-06
4.198673423161380924e-06
4.603074785336502828e-06
4.057274850310932379e-06
4.757355554829700850e-06
3.252934789088612888e-06
3.894960173056460917e-06
3.912338115696911700e-06
3.595698785829881672e-06
3.186564754287246615e-06
3.293071699772553984e-06
3.396294459889759310e-06
3.198852823516062927e-06
3.135338033644075040e-06
3.100036792602622882e-06
3.192923600181529764e-06
3.075566041843558196e-06
3.030901666534191463e-06
3.031670416930865031e-06
3.119191092082473915e-06
3.036581119886250235e-06
3.000593324031797238e-06
2.983396598210674711e-06
3.030022071470739320e-06
3.014543040080752689e-06
2.999939738401735667e-06
2.978711449941329192e-06
3.002632865900523029e-06
2.988187816299614497e-06
2.982519731631327886e-06
2.981471880048047751e-06
2.993885573232546449e-06
2.985004471156571526e-06
2.978590941893344279e-06
2.974117251142160967e-06
2.983330887218471617e-06
2.980754175041511189e-06
2.976540599775034934e-06
2.978180077661818359e-06
2.979031705763190985e-06
2.975043798869592138e-06
2.974197741423267871e-06
2.976809241772571113e-06
2.977871758957917336e-06
2.974648168674320914e-06
2.971957314912287984e-06
2.974805511257727630e-06
2.974708081637800205e-06
2.973377263515430968e-06
2.973096002278907690e-06
2.973323148580675479e-06
2.972396941913757473e-06
2.971388880723679904e-06
2.971975391119485721e-06
2.972584297822322696e-06
2.971052367684023920e-06
2.970270770674687810e-06
2.970706646010512486e-06
2.970567038573790342e-06
2.970014747916138731e-06
2.969567731270217337e-06
2.969546471831563395e-06
2.968926423818629701e-06
2.968394824165443424e-06
2.968591616081539541e-06
2.968325475194433238e-06
2.967674276987963822e-06
2.967267732856271323e-06
2.967156433442141861e-06
2.966884267152636312e-06
2.966403144455398433e-06
2.966188276332104579e-06
2.965870521620672662e-06
2.965397584375750739e-06
2.965137582577881403e-06
2.964921122838859446e-06
2.964556870210799389e-06
2.964105306091369130e-06
2.963824499602196738e-06
2.963554038615257014e-06
2.963166934932814911e-06
2.962853614008054137e-06
2.962533358186192345e-06
2.962161715913680382e-06
2.961805876111611724e-06
2.961515292554395273e-06
2.961190034511673730e-06
2.960798155982047319e-06
2.960468236778979190e-06
2.960144342978310306e-06
2.959789412670943420e-06
2.959431185445282608e-06
2.959083872156043071e-06
2.958712798317719717e-06
2.958327627311518881e-06
2.957977926598687191e-06
2.957606852760363836e-06
2.957213496301847044e-06
2.956832986455992796e-06
2.956459525194077287e-06
2.956073217319499236e-06
2.955684635708166752e-06
2.955305717478040606e-06
2.954912019959010649e-06
2.954520482489897404e-06
2.954137357846775558e-06
2.953748321488092188e-06
2.953351554424443748e-06
2.952959675894817337e-06
2.952570753222971689e-06
2.952174668280349579e-06
2.951781880256021395e-06
2.951388410110666882e-06
2.950991074612829834e-06
2.950594534922856838e-06
2.950201064777502324e-06
2.949803615592827555e-06
2.949404233731911518e-06
2.949007694041938521e-06
2.948609107988886535e-06
2.948209839814808220e-06
2.947810799014405347e-06
2.947410962406138424e-06
2.947009193121630233e-06
2.946608901766012423e-06
2.946208041976206005e-06
2.945805363196996041e-06
2.945402798104623798e-06
2.945000119325413834e-06
2.944596531051502097e-06
2.944192488030239474e-06
2.943788445008976851e-06
2.943383151432499290e-06
2.942977744169184007e-06
2.942572336905868724e-06
2.942166133834689390e-06
2.941759021268808283e-06
2.941352022389764898e-06
2.940944341389695182e-06
2.940536205642274581e-06
2.940127728834340815e-06
2.939718683592218440e-06
2.939308956229069736e-06
2.938899115179083310e-06
2.938488933068583719e-06
2.938077955150220077e-06
2.937666749858180992e-06
2.937254976131953299e-06
2.936842747658374719e-06
2.936430291811120696e-06
2.936017267529678065e-06
2.935603674814046826e-06
2.935189854724740144e-06
2.934775466201244853e-06
2.934360736617236398e-06
2.933945552285877056e-06
2.933529913207166828e-06
2.933113819381105714e-06
2.932697270807693712e-06
2.932280267486930825e-06
2.931862923105654772e-06
2.931445123977027833e-06
2.931026983787887730e-06
2.930608275164559018e-06
2.930189225480717141e-06
2.929769721049524378e-06
2.929349761870980728e-06
2.928929461631923914e-06
2.928508706645516213e-06
2.928087610598595347e-06
2.927665946117485873e-06
2.927243940575863235e-06
2.926821480286889710e-06
2.926398678937403020e-06
2.925975309153727721e-06
2.925551598309539258e-06
2.925127660091675352e-06
2.924703039752785116e-06
2.924278192040219437e-06
2.923852889580302872e-06
2.923427132373035420e-06
2.923000920418417081e-06
2.922574367403285578e-06
2.922147473327640910e-06
2.921720010817807633e-06
2.921292093560623471e-06
2.920863948929763865e-06
2.920435349551553372e-06
2.920006295425991993e-06
2.919576900239917450e-06
2.919147050306492019e-06
2.918716745625715703e-06
2.918286099884426221e-06
2.917855113082623575e-06
2.917423557846632320e-06
2.916991775236965623e-06
2.916559424193110317e-06
2.916126732088741846e-06
2.915693698923860211e-06
2.915260097324789967e-06
2.914826268352044281e-06
2.914391984631947707e-06
2.913957246164500248e-06
2.913522166636539623e-06
2.913086632361228112e-06
2.912650643338565715e-06


0.000000000000000000e+00 -5.000000000000000000e-01 -1.600000000000000000e+01 9.561090587309092588e-04 1.453654277462211653e+00 1.207937737025686648e-03 1.375504563011558101e+00 1.621364201849096130e-14 0.000000000000000000e+00 6.585737080657289186e-32 0.000000000000000000e+00
1.000000000000000000e+00 5.000000000000000000e-01 -1.600000000000000000e+01 7.958761323976674225e-04 3.663036118010635223e-01 8.479340308470568457e-04 9.657181366100905384e-01 1.688110954668785022e-16 3.084418044449218632e-01 1.105394091933889487e-14 7.803789944057110128e-01
2.000000000000000000e+00 -5.000000000000000000e-01 -1.500000000000000000e+01 6.063558777579386438e-04 1.251040118517446231e+00 4.307261346521560523e-04 1.358100968317563995e+00 2.276699551008757046e-16 1.216549379966369582e+00 1.941161898655885543e-13 9.705167600119888327e-01
3.000000000000000000e+00 5.000000000000000000e-01 -1.500000000000000000e+01 4.859426061584501519e-04 1.070835184189325995e+00 4.750549290455446873e-04 1.182927246867437665e+00 2.756856258547366306e-13 1.899917654284465629e-01 1.189737575829225333e-27 1.479850003514767420e-01
4.000000000000000000e+00 -5.000000000000000000e-01 -1.400000000000000000e+01 1.101587887683155289e-03 3.148676489642827092e-01 8.967657554770003996e-04 9.098269864183842204e-01 4.482092752100613767e-12 3.799617729857203141e-01 1.077621901501486429e-26 8.500499069814066999e-01
5.000000000000000000e+00 5.000000000000000000e-01 -1.400000000000000000e+01 3.753701865574637919e-04 3.311479320378740154e-01 5.600909602419943843e-04 6.876528903632673773e-01 5.591145586395763057e-17 4.453601467977840733e-01 3.110344638128973622e-12 1.160524125349044589e+00
6.000000000000000000e+00 -5.000000000000000000e-01 -1.300000000000000000e+01 7.492588781046127192e-04 3.962648799169192770e-01 4.294428310264116247e-04 1.231066643052520782e-01 3.151314728093904568e-17 9.199173483567411047e-01 4.770508144129030368e-11 1.350508030159763839e+00
7.000000000000000000e+00 5.000000000000000000e-01 -1.300000000000000000e+01 4.587666256856179456e-04 7.567550680396041285e-01 9.449656216167789686e-04 1.466294623970656463e+00 6.623857013278992477e-11 5.699370023280845299e-01 2.232474926945733948e-28 2.769781349753501765e-01
8.000000000000000000e+00 -5.000000000000000000e-01 -1.200000000000000000e+01 5.298539765280698300e-04 7.304570160708172555e-01 3.719390731436469054e-04 5.240636134665208612e-01 9.334557010146721359e-10 7.599155073406901328e-01 1.912827581841609660e-26 5.711535436285253287e-01
9.000000000000000000e+00 5.000000000000000000e-01 -1.200000000000000000e+01 6.897812676202146054e-04 8.323905275320720998e-01 5.496423573040538912e-04 1.047801572062375008e+00 1.962238281320673925e-16 5.504778452960406021e-01 6.609441722218805999e-10 1.540488259489449341e+00
1.000000000000000000e+01 -5.000000000000000000e-01 -1.100000000000000000e+01 7.974347976237957563e-04 1.245544605456335718e+00 4.149178978849026576e-04 1.115335022999252690e+00 2.322444801812961464e-16 8.191310152121139554e-01 8.703202074507241616e-09 1.411125377008924486e+00
1.100000000000000000e+01 5.000000000000000000e-01 -1.100000000000000000e+01 4.828665341411807026e-04 1.008407613887952969e+00 1.592263678084789285e-03 3.451478974759675800e-01 1.176996968966707894e-08 9.498943969451696390e-01 6.642548829585912758e-26 8.072409080715042817e-01
1.200000000000000000e+01 -5.000000000000000000e-01 -1.000000000000000000e+01 8.439603106818163638e-04 1.491173250120079175e+00 4.787314050280139298e-04 1.253852064565604607e+00 1.403060590790454734e-07 1.139873276099733213e+00 8.783079435808657052e-25 1.469176272781104409e+00
1.300000000000000000e+01 5.000000000000000000e-01 -1.000000000000000000e+01 6.996584598940147181e-04 1.353637403905329606e+00 5.735344364308911022e-04 1.117739746752306917e+00 8.289189117833275749e-17 6.449085819894730953e-01 1.016888028509078331e-07 1.221146499059190926e+00
1.400000000000000000e+01 -5.000000000000000000e-01 -9.000000000000000000e+00 6.381444551417357093e-04 1.007763106305992196e+00 8.029383187388609367e-04 7.269235736868592257e-01 1.117288449234280123e-16 1.508259176353748954e+00 1.118009784091549069e-06 1.031167619814961078e+00
1.500000000000000000e+01 5.000000000000000000e-01 -9.000000000000000000e+00 1.134016181794772656e-03 9.570962946679177907e-01 7.489747938073620893e-04 1.148890261997475237e+00 1.464248321893619915e-06 1.329852155463734142e+00 1.783156814160799927e-24 7.104552917178413862e-01
1.600000000000000000e+01 -5.000000000000000000e-01 -8.000000000000000000e+00 1.629016622145746979e-04 1.367065132081195067e+00 5.670592674277806240e-04 8.568069123329428161e-01 1.426788229617687610e-05 1.519831034793622804e+00 1.766752888436327346e-23 8.993711212790045373e-01
1.700000000000000000e+01 5.000000000000000000e-01 -8.000000000000000000e+00 2.067431877185385038e-04 2.463534188876780884e-01 3.385881844281487152e-04 1.407237945744039820e+00 6.154930337962074433e-17 1.282813520121539819e+00 1.063121667790204625e-05 8.411887404685860492e-01
1.800000000000000000e+01 -5.000000000000000000e-01 -7.000000000000000000e+00 5.172916947757538741e-04 8.032048350888604249e-01 9.936172694821356326e-04 1.320697930947202225e+00 7.821738058125331936e-17 3.008380229793286564e-01 9.371255285091610197e-05 6.512098611163341655e-01
1.900000000000000000e+01 5.000000000000000000e-01 -7.000000000000000000e+00 6.556611671831446978e-04 9.795437714408330443e-01 7.897682897666708814e-04 1.186141780221241504e+00 1.178151002243239126e-04 1.431782739446702202e+00 1.181297015681258962e-22 1.180207924721583090e+00
2.000000000000000000e+01 -5.000000000000000000e-01 -6.000000000000000000e+00 6.947657324695373547e-04 6.418149503132377642e-01 8.057023191883094012e-04 1.325077183617935805e+00 8.905508698799255137e-04 1.241803860097468126e+00 9.980684221338076416e-22 9.302664940541776062e-01
2.100000000000000000e+01 5.000000000000000000e-01 -6.000000000000000000e+00 8.955045815146892496e-04 8.859362732304651988e-01 5.912114223374152723e-04 1.497254221878416836e+00 1.262170145809818159e-16 1.951912203758570663e-01 6.865911449943221719e-04 4.612309817677877621e-01
2.200000000000000000e+01 -5.000000000000000000e-01 -5.000000000000000000e+00 9.067095913258748849e-04 1.333144612209169022e+00 4.533794531248123462e-03 2.934039120950355239e-01 7.262033807006282475e-17 1.126039127315393573e+00 4.547650682808352697e-03 2.712521024185864937e-01
2.300000000000000000e+01 5.000000000000000000e-01 -5.000000000000000000e+00 5.362566567057267496e-03 1.087946898288910669e+00 5.101082250399032727e-04 7.274804205067642027e-01 5.403591089734901057e-03 1.051824980748235161e+00 7.178656298989852922e-21 1.469652264629577987e+00
2.400000000000000000e+01 -5.000000000000000000e-01 -4.000000000000000000e+00 2.892821971825787833e-02 7.895294099881752237e-01 8.867393096998578764e-04 8.695675441557004781e-01 2.893721610266146091e-02 8.618461013990018627e-01 3.955520664718682700e-20 1.482135713307191072e+00
2.500000000000000000e+01 5.000000000000000000e-01 -4.000000000000000000e+00 1.286588515932814668e-03 3.911801509007963307e-01 2.331480230237121046e-02 2.016033400932911723e-01 6.821659138673126347e-17 5.103094838251446275e-01 2.332505145741089331e-02 8.127322306934588181e-02
2.600000000000000000e+01 -5.000000000000000000e-01 -3.000000000000000000e+00 5.799491254781141865e-04 3.801653945413596136e-01 1.027438148989386207e-01 9.607771612811335724e-03 3.901064214615843730e-17 1.116662517978665337e+00 1.027478270713634012e-01 1.087056562798927317e-01
2.700000000000000000e+01 5.000000000000000000e-01 -3.000000000000000000e+00 1.115007031121351133e-01 6.123424585695058653e-01 5.225697562348067269e-04 3.387029132923964903e-01 1.115024629166604386e-01 6.718672220497694525e-01 1.564235972720939357e-19 1.283198790580826865e+00
2.800000000000000000e+01 -5.000000000000000000e-01 -2.000000000000000000e+00 3.457049446089526246e-01 4.203734193309052736e-01 6.885167358593563243e-04 7.060136290464501529e-01 3.457099069878424302e-01 4.818883427005373199e-01 4.981663064599042414e-19 1.151296993189274254e+00
2.900000000000000000e+01 5.000000000000000000e-01 -2.000000000000000000e+00 6.287544775326425837e-04 1.287798634518969365e+00 2.972479498655992147e-01 1.976059722577454270e-01 8.158731281345389420e-17 1.376062539401907259e+00 2.972492308409339090e-01 2.986845356291260023e-01
3.000000000000000000e+01 -5.000000000000000000e-01 -1.000000000000000000e+00 8.449260937418539815e-04 8.139057255047944528e-01 6.225363898915119432e-01 3.860543655831424337e-01 1.640127581916456837e-18 5.530907848516456449e-01 6.225433680687600946e-01 4.886634149783594117e-01
3.100000000000000000e+01 5.000000000000000000e-01 -1.000000000000000000e+00 5.384186463561984048e-01 2.195950831166136041e-01 1.037356261068415495e-03 5.965508930854079850e-01 5.384285895209124373e-01 2.919094633513043546e-01 9.079421111154635901e-19 8.844323359905659210e-01
3.200000000000000000e+01 -5.000000000000000000e-01 0.000000000000000000e+00 3.003948622368676213e-01 3.746534053982340101e-02 4.402655407628266754e-04 8.603120830854484868e-01 3.003988361084553027e-01 1.019305840020720971e-01 5.061005619193523077e-19 1.178241802180713282e+00
3.300000000000000000e+01 5.000000000000000000e-01 0.000000000000000000e+00 6.126342505539234505e-04 5.257041533759632124e-01 3.003946379253974452e-01 5.755239522103852146e-01 7.634191379596000659e-18 1.568763423430198367e+00 3.003988361084510839e-01 6.786422943275925990e-01
3.400000000000000000e+01 -5.000000000000000000e-01 1.000000000000000000e+00 9.088331061245531056e-04 7.192135121572517109e-01 5.384182198192657420e-01 7.634843848481226436e-01 6.181606067850501988e-19 1.322749575254808629e+00 5.384285895209117712e-01 8.686211736768241209e-01
3.500000000000000000e+01 5.000000000000000000e-01 1.000000000000000000e+00 6.225359307967669453e-01 1.492408858310818875e-01 1.202998984240070783e-03 1.482573862455651481e+00 6.225433680687619820e-01 8.804829534716034078e-02 1.363514072174423815e-18 3.683491830767653408e-01
3.600000000000000000e+01 -5.000000000000000000e-01 2.000000000000000000e+00 2.972475086371382802e-01 3.425893926830469449e-01 4.434746352516068138e-04 9.141162285971790036e-01 2.972492308409347417e-01 2.780271746963923207e-01 9.821897559936866349e-18 5.859141882963130737e-02
3.700000000000000000e+01 5.000000000000000000e-01 2.000000000000000000e+00 8.632649737982900319e-04 1.072930928418949881e+00 3.457044826808388649e-01 9.523089397417840996e-01 7.196561194498488792e-19 1.481448365896945729e+00 3.457099069878428188e-01 1.058600053026056864e+00
3.800000000000000000e+01 -5.000000000000000000e-01 3.000000000000000000e+00 5.690160853839502236e-04 1.526256476535996720e+00 1.115005105789955153e-01 1.146608685518823778e+00 1.993681691465157981e-19 1.319550587472906544e+00 1.115024629166603970e-01 1.248578932375290274e+00
3.900000000000000000e+01 5.000000000000000000e-01 3.000000000000000000e+00 1.027440106209071558e-01 5.333157616647645760e-01 5.220100423686947592e-04 3.019435466974104698e-01 1.027478270713637343e-01 4.680060540456253970e-01 1.880877447222146091e-17 2.219917259722789249e-01
4.000000000000000000e+01 -5.000000000000000000e-01 4.000000000000000000e+00 2.331473466545953832e-02 7.730384112008875652e-01 1.272948290018089713e-03 1.732801950803994073e-01 2.332505145741092800e-02 6.579849333948575296e-01 2.586784061893751071e-17 1.694871907712942605e-01
4.100000000000000000e+01 5.000000000000000000e-01 4.000000000000000000e+00 8.930595899501623733e-04 6.653841439218257658e-01 2.892800165024956779e-02 1.346891877890783906e+00 4.830459380871784120e-20 1.100322333511827289e+00 2.893721610266138805e-02 1.438557811724521684e+00
4.200000000000000000e+01 -5.000000000000000000e-01 5.000000000000000000e+00 5.104268566144573409e-04 1.213518759603799069e+00 5.362563568295564131e-03 1.469154018185883093e+00 9.075005748356059821e-21 9.343702624033193294e-01 5.403591089734795239e-03 1.513055962516052455e+00
4.300000000000000000e+01 5.000000000000000000e-01 5.000000000000000000e+00 4.534329802564689323e-03 1.042848966298818958e+00 9.073911834042747452e-04 1.066326410867909802e+00 4.547650682808401269e-03 8.479638127440907169e-01 6.234667824731784970e-17 8.110595190394939147e-01
4.400000000000000000e+01 -5.000000000000000000e-01 6.000000000000000000e+00 5.907810173199890512e-04 3.669611522376477475e-01 8.951600857986097412e-04 1.297330556558192738e+00 6.865911449943007047e-04 1.037942692093323460e+00 4.586481885232156649e-17 1.048850820397746020e+00
4.500000000000000000e+01 5.000000000000000000e-01 6.000000000000000000e+00 8.052723175701029159e-04 5.663787804390076897e-01 6.949704571788656695e-04 7.178983179420337368e-01 1.431788912532884854e-21 7.353848848945624406e-01 8.905508698799847111e-04 1.323077083166867007e+00
4.600000000000000000e+01 -5.000000000000000000e-01 7.000000000000000000e+00 7.899552291620717598e-04 9.291951910970028261e-02 6.560757297992771044e-04 1.360647915901657123e+00 1.865747652393547375e-22 5.506813951146130037e-01 1.178151002243388475e-04 1.133098203817822558e+00
4.700000000000000000e+01 5.000000000000000000e-01 7.000000000000000000e+00 9.935375466642800985e-04 1.525509227106761401e+00 5.167018323571391037e-04 6.250624278480937379e-01 9.371255285089128730e-05 1.227921571442556870e+00 1.127261823372477713e-16 1.184138878345494472e+00
4.800000000000000000e+01 -5.000000000000000000e-01 8.000000000000000000e+00 3.384877059574851240e-04 6.325306180174613546e-01 2.067561318905295549e-04 9.624945082177865929e-01 1.063121667800973972e-05 1.417900450791788280e+00 3.528118213406428054e-16 1.395264223581818674e+00
4.900000000000000000e+01 5.000000000000000000e-01 8.000000000000000000e+00 5.670835129157170791e-04 1.247857677653910535e+00 1.632460381584510917e-04 1.760539498523646662e-01 2.211757100739723945e-23 3.579587749957561793e-01 1.426788229618846521e-05 9.431193244671439713e-01
5.000000000000000000e+01 -5.000000000000000000e-01 9.000000000000000000e+00 7.482923389290718850e-04 1.215940118492178978e+00 1.134320541261469532e-03 1.484129195609254603e+00 2.263679505406637717e-24 1.652929395933956935e-01 1.464248321969979088e-06 7.531404450597863898e-01
5.100000000000000000e+01 5.000000000000000000e-01 9.000000000000000000e+00 8.029432521422366414e-04 1.556289397838268140e+00 6.385195081673613162e-04 4.708387691738177838e-01 1.118009784050939980e-06 1.533713323448772758e+00 8.473516495604398524e-17 7.277082940917255494e-01
5.200000000000000000e+01 -5.000000000000000000e-01 1.000000000000000000e+01 5.733637413260454915e-04 1.449515798623162155e+00 6.995384083388559836e-04 8.387402594857906735e-01 1.016888028237124771e-07 1.343734444099506709e+00 8.070562524977906990e-17 8.770464773728379182e-01
5.300000000000000000e+01 5.000000000000000000e-01 1.000000000000000000e+01 4.784765487315172875e-04 4.770105158639719733e-01 8.436633720434741834e-04 7.299245949569913572e-01 2.116878751240440687e-25 2.410494034189045176e-02 1.403060591022921868e-07 5.631615656481054888e-01
5.400000000000000000e+01 -5.000000000000000000e-01 1.100000000000000000e+01 1.592147498924767306e-03 8.281382988974699266e-01 4.823751997776048886e-04 5.797083236557011299e-01 1.758149342064720669e-26 2.133887032112668225e-01 1.176996970225973248e-08 3.731826862289700508e-01
5.500000000000000000e+01 5.000000000000000000e-01 1.100000000000000000e+01 4.147250472135393501e-04 4.880014061039746887e-01 7.972592495106288783e-04 1.502835172601159508e+00 8.703202127033273379e-09 1.153755564743845996e+00 1.614874508119420412e-16 5.593276949560742617e-01
5.600000000000000000e+01 -5.000000000000000000e-01 1.200000000000000000e+01 5.500721590098530019e-04 6.739479496720667262e-01 6.896432659129783605e-04 1.356358244339771035e+00 6.609441322744082517e-10 9.637766857999654491e-01 1.681074264293616318e-16 1.042551327781986448e+00
5.700000000000000000e+01 5.000000000000000000e-01 1.200000000000000000e+01 3.719186989149691927e-04 2.171470963319588610e-01 5.297554003004445108e-04 4.629743114975957280e-02 1.374233778509153466e-27 4.042075870419868933e-01 9.334556733765981466e-10 1.832038068935036568e-01
5.800000000000000000e+01 -5.000000000000000000e-01 1.300000000000000000e+01 9.447001100946512010e-04 1.228655342439629150e+00 4.588915280029288220e-04 1.174402585126473220e+00 9.638892657644451308e-29 5.933626292664768709e-01 6.623859191638892975e-11 6.775071876958295609e-03
5.900000000000000000e+01 5.000000000000000000e-01 1.300000000000000000e+01 4.293268716481778461e-04 1.370238256819027223e+00 7.492621885360328110e-04 1.491057359193380005e+00 4.770502750857751854e-11 7.737979397607634979e-01 7.780372383336756954e-17 5.060160952574105364e-01
6.000000000000000000e+01 -5.000000000000000000e-01 1.400000000000000000e+01 5.600702738100172716e-04 6.832802224795369028e-01 3.755593013409949904e-04 1.571659293828689685e-01 3.110332756321832146e-12 5.838169170157553323e-01 1.608953084298005874e-16 9.472407963372261319e-01
6.100000000000000000e+01 5.000000000000000000e-01 1.400000000000000000e+01 8.965453252056215490e-04 4.060450773019225884e-02 1.101308839207847589e-03 2.137286766029116991e-01 6.455345488192357201e-30 7.830047254424618020e-01 4.482093504496513763e-12 1.967539612028228191e-01
6.200000000000000000e+01 -5.000000000000000000e-01 1.500000000000000000e+01 4.751674644797627836e-04 1.178962605592792867e+00 4.856739979836305733e-04 5.594093827782341544e-01 3.936333548185567542e-31 9.733312430041595187e-01 2.756327315330816825e-13 3.867305006845395132e-01
6.300000000000000000e+01 5.000000000000000000e-01 1.500000000000000000e+01 4.305875310986655505e-04 2.351586438971207949e-01 6.063138884678050036e-04 1.903434264224718453e-01 1.941288791896878604e-13 3.938588590593534167e-01 1.239142090557214981e-16 4.237431417810791356e-01
6.400000000000000000e+01 -5.000000000000000000e-01 1.600000000000000000e+01 8.474376309444682596e-04 4.042848133689832535e-01 7.963850505599794202e-04 6.233795561826747100e-01 1.106516868535719004e-14 2.053767682698839359e-01 7.515846679193127279e-17 1.153690587018830982e+00
6.500000000000000000e+01 5.000000000000000000e-01 1.600000000000000000e+01 1.207735117249842576e-03 1.292039638142208346e+00 9.563258172982808678e-04 1.315705557465950859e+00 2.291279910143974195e-32 1.164039788855638635e+00 1.621752002972856488e-14 5.766990532981597362e-01


1.268502436578273773e-01
8.990436792373657227e-02
4.989653825759887695e-02
5.006148107349872589e-02
5.849768593907356262e-02
1.855932082980871201e-02
4.404075630009174347e-02
3.056341782212257385e-02
2.125608921051025391e-02
2.354286517947912216e-02
1.794882398098707199e-02
1.469368487596511841e-02
1.709607429802417755e-02
9.006076026707887650e-03
1.014964585192501545e-02
8.240868337452411652e-03
6.404280546121299267e-03
6.475651171058416367e-03
5.871359258890151978e-03
4.227111930958926678e-03
3.214462194591760635e-03
4.138012416660785675e-03
1.346241740975528955e-03
2.187959267757833004e-03
2.350386173930019140e-03
7.100594521034508944e-04
2.209753671195358038e-03
7.069139101076871157e-04
9.935866692103445530e-04
1.047784433467313647e-03
5.662308394676074386e-04
7.836963777663186193e-04
5.023467965656891465e-04
5.299798212945461273e-04
3.500983730191364884e-04
3.317928349133580923e-04
2.121453508152626455e-04
2.498056783224456012e-04
2.144949030480347574e-04
1.474822420277632773e-04
1.915742977871559560e-04
9.851275899563916028e-05
1.563562327646650374e-04
7.907047984190285206e-05
1.069645368261262774e-04
7.280792124220170081e-05
7.621990880579687655e-05
6.717145879520103335e-05
6.008540549373719841e-05
5.245437569101341069e-05
5.362469528336077929e-05
4.653166979551315308e-05
4.778115908266045153e-05
4.086494664079509676e-05
4.277193693269509822e-05
3.893566645274404436e-05
3.771028605115134269e-05
3.635397479229141027e-05
3.490851668175309896e-05
3.440657019382342696e-05
3.233922507206443697e-05
3.212882802472449839e-05
3.118427594017703086e-05
3.035325971723068506e-05
2.942936134786577895e-05
2.872011918952921405e-05
2.853347541531547904e-05
2.751424926827894524e-05
2.694184240681352094e-05
2.627361391205340624e-05
2.614601999084698036e-05
2.529458288336172700e-05
2.493146985216299072e-05
2.444464189466089010e-05
2.423192017886321992e-05
2.364848569413879886e-05
2.325917193957138807e-05
2.294799105584388599e-05
2.262289763166336343e-05
2.220214628323446959e-05
2.186966412409674376e-05
2.159421637770719826e-05
2.127303832821780816e-05
2.091476562782190740e-05
2.063534429908031598e-05
2.036264959315303713e-05
2.004868656513281167e-05
1.977215288206934929e-05
1.952176899067126215e-05
1.925817559822462499e-05
1.898275604617083445e-05
1.874299596238415688e-05
1.850084936450002715e-05
1.824552600737661123e-05
1.800498466764111072e-05
1.778660498530371115e-05
1.755527409841306508e-05
1.732468899717787281e-05
1.711492586764506996e-05
1.690624412731267512e-05
1.668522963882423937e-05
1.647775934543460608e-05
1.627976598683744669e-05
1.607479407539358363e-05
1.587380938872229308e-05
1.568505103932693601e-05
1.549589023852604441e-05
1.530467352495179512e-05
1.512256812929990701e-05
1.494370326327043585e-05
1.476185934734530747e-05
1.458548149457783438e-05
1.441516360500827432e-05
1.424350602974300273e-05
1.407477611792273819e-05
1.391208115819608793e-05
1.374995053993188776e-05
1.358836561848875135e-05
1.343173926215968095e-05
1.327692280028713867e-05
1.312246513407444581e-05
1.297172047998174094e-05
1.282387984247179702e-05
1.267654761250014417e-05
1.253188020200468600e-05
1.239019957210985012e-05
1.224922198161948472e-05
1.211023300129454583e-05
1.197398432850604877e-05
1.183894437417620793e-05
1.170551604445790872e-05
1.157465203505125828e-05
1.144523139373632148e-05
1.131715862356941216e-05
1.119132093663210981e-05
1.106697573050041683e-05
1.094385788746876642e-05
1.082268136087805033e-05
1.070309690476278774e-05
1.058467796610784717e-05
1.046797569870250300e-05
1.035282184602692723e-05
1.023881986839114688e-05
1.012628263197257183e-05
1.001520558929769322e-05
9.905289061862276867e-06
9.796672202355694026e-06
9.689410944702103734e-06
9.583285645931027830e-06
9.478360425418941304e-06
9.374643013870809227e-06
9.272008810512488708e-06
9.170479188469471410e-06
9.070045507542090490e-06
8.970615454018115997e-06
8.872211765265092254e-06
8.774808520684018731e-06
8.678329322719946504e-06
8.582785540056647733e-06
8.488155799568630755e-06
8.394374617637367919e-06
8.301441994262859225e-06
8.209342922782525420e-06
8.118023288261611015e-06
8.027475359995150939e-06
7.937683221825864166e-06
7.848609584470978007e-06
7.760234893794404343e-06
7.672547781112371013e-06
7.585520506836473942e-06
7.499133744204300456e-06
7.413372713926946744e-06
7.328221499847131781e-06
7.243661229949793778e-06
7.159678943935432471e-06
7.076264637362328358e-06
6.993403758315253071e-06
6.911085620231460780e-06
6.829305903011118062e-06
6.748054602212505415e-06
6.667326488241087645e-06
6.587120424228487536e-06
6.507433454316924326e-06
6.428265123759047128e-06
6.349619525281013921e-06
6.271499614740605466e-06
6.193911303853383288e-06
6.116863005445338786e-06
6.040364496584516019e-06
5.964428510196739808e-06
5.889068688702536747e-06
5.814300948259187862e-06
5.740144615629105829e-06
5.666618108080001548e-06
5.593743708232068457e-06
5.521546199815929867e-06
5.450049229693831876e-06
5.379280310080503114e-06
5.309267862685373984e-06
5.240040536591550335e-06
5.171628799871541560e-06
5.104064030092558824e-06
5.037377604821813293e-06
4.971601583747542463e-06
4.906768253931659274e-06
4.842909220315050334e-06
4.780056087838602252e-06
4.718240120382688474e-06
4.657492013393493835e-06
4.597842234943527728e-06
4.539321594165812712e-06
4.481963060243288055e-06
4.425806537255994044e-06
4.370907163320225663e-06
4.317359184824454132e-06
4.265348366061516572e-06
4.215288413433881942e-06
4.168181135355553124e-06
4.126607336729648523e-06
4.097601959074381739e-06
4.101371587239555083e-06
4.198972192170913331e-06
4.584229827742092311e-06
5.902247494304901920e-06
1.039470384966989513e-05
2.610626006571692415e-05
8.183958311747119296e-05
2.679941762835369445e-04
7.067508836371416692e-04
9.041180510394042358e-04
2.886770671466365457e-04
1.457127859794127289e-05
3.598314201553876046e-04
4.743376541682664538e-04
8.560831770410004538e-05
5.192882508708862588e-05
2.479492591191956308e-04
1.602922593519906513e-04
6.663538897555554286e-06
8.011347858882800210e-05
1.336430539140565088e-04
3.940776491617725696e-05
8.339146233993233182e-06
5.768260894001286943e-05
5.449981335914344527e-05
1.094037315851892345e-05
8.839234851620858535e-06
3.113298544121789746e-05
2.681637624846189283e-05
7.545046855739201419e-06
4.366605026007164270e-06
1.357608948637789581e-05
1.587780457157350611e-05
8.996492169899283908e-06
3.375097435309726279e-06
4.163712219451554120e-06


0.000000000000000000e+00 -5.000000000000000000e-01 -1.600000000000000000e+01 8.306201482376475388e-04 1.142631580265123237e+00 1.014365071505680645e-03 1.056333722954198029e+00 2.786452776205358107e-26 0.000000000000000000e+00 3.992178793215246024e-10 0.000000000000000000e+00
1.000000000000000000e+00 5.000000000000000000e-01 -1.600000000000000000e+01 6.190368435483376269e-04 4.867204307994211776e-01 8.725300709463334938e-04 6.819256011052855504e-01 5.119572288944249531e-10 1.173632092496305734e+00 3.148765699364457314e-17 4.092805877774794987e-01
2.000000000000000000e+00 -5.000000000000000000e-01 -1.500000000000000000e+01 4.548728537966190621e-04 9.921114186059670770e-01 5.551268144049002588e-04 9.549597979468420483e-01 4.603258484472673866e-09 1.363610933002996184e+00 1.183036761609909241e-16 1.054663084986787513e+00
3.000000000000000000e+00 5.000000000000000000e-01 -1.500000000000000000e+01 9.293057927617686190e-04 9.179045168004069666e-01 7.395145037462830034e-04 4.898958982439542420e-01 2.031381561278530919e-23 5.739567226810413647e-01 3.531452997586966052e-09 1.899788791792411669e-01
4.000000000000000000e+00 -5.000000000000000000e-01 -1.400000000000000000e+01 6.086042194911619021e-04 1.242598279025403318e+00 6.464244730418213609e-04 1.038026351654466772e+00 1.695358189740728891e-22 3.089657934008014917e-01 2.960033833144847780e-08 3.799577586445648247e-01
5.000000000000000000e+00 5.000000000000000000e-01 -1.400000000000000000e+01 9.501199184868390230e-04 4.139909440802452267e-01 4.888062877513695481e-04 4.901587795791597091e-01 3.736190137776994354e-08 1.553589817126671102e+00 9.910469874759411242e-17 1.025807990831906658e+00
6.000000000000000000e+00 -5.000000000000000000e-01 -1.300000000000000000e+01 5.844538214299419389e-04 8.856007260499202879e-03 4.797648727687777500e-04 1.326341614311174366e+00 2.896834251108612806e-07 1.398023957032936915e+00 4.911553338497928690e-17 1.370964537248647030e-01
7.000000000000000000e+00 5.000000000000000000e-01 -1.300000000000000000e+01 1.074525824074167198e-03 8.010894534113379706e-01 1.152666429118584740e-03 4.606933669252131769e-01 8.945547587616330227e-23 4.590064352005332471e-01 2.253114338078256788e-07 5.699366380400439080e-01
8.000000000000000000e+00 -5.000000000000000000e-01 -1.200000000000000000e+01 5.688467909399127619e-04 1.454819234348198265e+00 3.768545726785864445e-04 6.196107136917770042e-01 5.446446264223048649e-23 2.279115017138794164e-01 1.633225643547350406e-06 7.599155173984055711e-01
9.000000000000000000e+00 5.000000000000000000e-01 -1.200000000000000000e+01 1.181900432525111047e-03 4.190147245933263376e-01 7.521328127932531407e-04 6.933234369144618547e-01 2.023092781815007183e-06 1.208045077804285494e+00 6.474610090364997008e-17 4.757534860500486351e-01
1.000000000000000000e+01 -5.000000000000000000e-01 -1.100000000000000000e+01 6.161923933014186667e-04 1.006952031042969153e+00 5.554118766698814495e-04 1.526201309591702859e+00 1.339009161697876436e-05 1.018066198419934620e+00 1.251753371629805476e-16 3.304476322559867785e-01
1.100000000000000000e+01 5.000000000000000000e-01 -1.100000000000000000e+01 3.144567153955735769e-04 1.233307496246444646e-01 1.070028863459309906e-03 1.511714053567989158e+00 3.818185048509383787e-22 1.166792160175983861e+00 1.058052023080121066e-05 9.498943967461379589e-01
1.200000000000000000e+01 -5.000000000000000000e-01 -1.000000000000000000e+01 1.145472666630182939e-03 4.443440021947840934e-01 9.216679801789836972e-04 1.495404021039159925e+00 1.225696340918856352e-20 1.173077218454062765e+00 6.465673623846919613e-05 1.139873276095390242e+00
1.300000000000000000e+01 5.000000000000000000e-01 -1.000000000000000000e+01 4.496515674948860664e-04 8.677100611165522448e-02 5.362788923932761955e-04 9.592036346896638532e-01 7.828990034427781941e-05 8.280873190694316710e-01 9.686099911297213692e-17 8.164446419736546279e-01
1.400000000000000000e+01 -5.000000000000000000e-01 -9.000000000000000000e+00 5.101397445520079949e-04 3.483061936593244146e-01 5.563535601267314461e-04 3.313054394534392100e-01 4.287109616539387788e-04 6.381084397214833448e-01 1.412389976703816902e-16 1.885106997789618988e-01
1.500000000000000000e+01 5.000000000000000000e-01 -9.000000000000000000e+00 3.871329482375492916e-04 1.492103747316370077e+00 1.161384980768916716e-03 1.509297438503795608e+00 2.488619940816818492e-20 1.491221199517303031e+00 3.451228774970693173e-04 1.329852155444640083e+00
1.600000000000000000e+01 -5.000000000000000000e-01 -8.000000000000000000e+00 1.063322175875224332e-03 1.291736603770166747e+00 1.561958347830214944e-03 1.510692689243218645e+00 1.215276027557656846e-19 1.458835060346858947e+00 1.712879689953857119e-03 1.519831034793861502e+00
1.700000000000000000e+01 5.000000000000000000e-01 -8.000000000000000000e+00 1.995533900837156462e-03 1.244091500013138729e+00 1.110749801499509625e-03 1.225803925986698628e+00 2.015150014554526695e-03 4.481295603721762721e-01 3.258453038635018909e-17 2.151818221190609781e-01
1.800000000000000000e+01 -5.000000000000000000e-01 -7.000000000000000000e+00 8.683967435009494473e-03 5.404946913386032836e-01 3.736168523220655276e-04 1.065799066136195572e+00 8.704222089657535910e-03 2.581506810228976212e-01 3.080739386758185285e-17 9.224234096670770322e-01
1.900000000000000000e+01 5.000000000000000000e-01 -7.000000000000000000e+00 4.982643242682206720e-04 6.023487215098998204e-01 7.158382043730666250e-03 1.532518531577820309e-01 5.206171440372702141e-19 1.242525151390706739e+00 7.168550826835378906e-03 1.431782739446699981e+00
2.000000000000000000e+01 -5.000000000000000000e-01 -6.000000000000000000e+00 6.193507091002860418e-04 7.481719828774816561e-01 2.719868450917716993e-02 1.060462496780594926e-01 1.900247855675127299e-18 1.150127919965247658e+00 2.721656968848613564e-02 1.241803860097467238e+00
2.100000000000000000e+01 5.000000000000000000e-01 -6.000000000000000000e+00 3.076156597919330743e-02 6.162532683439415626e-01 5.331264874836117232e-04 4.050325384353048452e-01 3.078466193922076849e-02 6.817180167365047283e-02 6.998797052223020868e-17 9.953537696293708326e-01
2.200000000000000000e+01 -5.000000000000000000e-01 -5.000000000000000000e+00 9.649302536267140296e-02 4.275809464182975250e-01 6.192279318195764411e-04 5.573193344717274345e-01 9.649610637091915466e-02 1.218070776755868362e-01 1.044102819541915306e-16 1.262275289180974314e+00
2.300000000000000000e+01 5.000000000000000000e-01 -5.000000000000000000e+00 5.136993953758508223e-04 5.667253109290567581e-01 8.187505394650897161e-02 3.121495641012012601e-01 5.524864934089018835e-18 8.957456073197807012e-01 8.187686374339395168e-02 1.051824980748234717e+00
2.400000000000000000e+01 -5.000000000000000000e-01 -4.000000000000000000e+00 4.805502445675621098e-04 9.020414277592813113e-01 2.119231135257539367e-01 5.194402224845342531e-01 1.392967902324054809e-17 7.066487007671974352e-01 2.119267260389499086e-01 8.618461013990021957e-01
2.500000000000000000e+01 5.000000000000000000e-01 -4.000000000000000000e+00 2.252566029035618367e-01 2.289370235504993301e-01 6.960931470226924735e-04 1.119694459842523138e+00 2.252606048298007591e-01 3.117859570248190937e-01 1.060471302726084913e-16 1.379522833153309813e+00
2.600000000000000000e+01 -5.000000000000000000e-01 -3.000000000000000000e+00 4.221495423834090710e-01 4.616704808164399931e-02 1.102453637828205600e-03 1.171757411099440427e+00 4.221570082844312011e-01 5.017648363740498940e-01 1.099046989110073125e-16 2.192761649673023033e-02
2.700000000000000000e+01 5.000000000000000000e-01 -3.000000000000000000e+00 8.393448425463055163e-04 1.438734488749839224e+00 3.752200358745816922e-01 7.045568148819564280e-01 2.376146181511375861e-17 5.134236852068786439e-01 3.752271906601692408e-01 6.718672220497693415e-01
2.800000000000000000e+01 -5.000000000000000000e-01 -2.000000000000000000e+00 1.143715563759409391e-03 3.213822433464971762e-01 4.657010361300095713e-01 8.926686759831911067e-01 2.831758853160811078e-17 3.619947903161847558e-01 4.657069205385225286e-01 4.818883427005362652e-01
2.900000000000000000e+01 5.000000000000000000e-01 -2.000000000000000000e+00 4.242578963376066326e-01 1.477936703702465715e-01 1.276279023309517466e-03 6.862730509179441052e-01 4.242647555009900207e-01 6.917437157232817491e-01 8.239355814358375745e-17 2.562656771804214806e-01
3.000000000000000000e+01 -5.000000000000000000e-01 -1.000000000000000000e+00 8.170491069095574266e-02 3.319394855834170710e-01 3.986045884535416393e-04 1.693445255932394811e-01 8.170806166863522901e-02 8.817225950725079420e-01 1.719011578308286224e-16 1.586140680068714726e-01
3.100000000000000000e+01 5.000000000000000000e-01 -1.000000000000000000e+00 7.519284104593913168e-04 1.546117061511646185e+00 1.100630849076732476e-01 1.071185865487381150e+00 3.037642312144361405e-18 8.279271918342973047e-02 1.100664234499820898e-01 2.919094633513050763e-01
3.200000000000000000e+01 -5.000000000000000000e-01 0.000000000000000000e+00 1.813810096275521528e-03 1.217037518700072596e+00 3.896365595330806841e-01 1.277668886756002209e+00 2.560838070564815046e-17 4.880880996521493043e-02 3.896410894648107970e-01 1.019305840020714865e-01
3.300000000000000000e+01 5.000000000000000000e-01 0.000000000000000000e+00 3.896393708557689961e-01 5.265749228547649263e-01 8.243897688652783266e-04 1.555081361669867990e+00 3.896410894648102974e-01 1.071701474421745681e+00 3.709620415426305448e-18 9.643911151332535958e-01
3.400000000000000000e+01 -5.000000000000000000e-01 1.000000000000000000e+00 1.100642435737619607e-01 7.196200997512484099e-01 9.485215497489163329e-04 2.811674097772500214e-01 1.100664234499847960e-01 1.261680353770974650e+00 1.545252970985391224e-17 5.651239792819656715e-01
3.500000000000000000e+01 5.000000000000000000e-01 1.000000000000000000e+00 5.603690193522167838e-04 7.102049851099066780e-02 8.170381617594860146e-02 1.478134987035650605e+00 9.135966726611564739e-19 7.241577672307126790e-01 8.170806166863332776e-02 8.804829534716067385e-02
3.600000000000000000e+01 -5.000000000000000000e-01 2.000000000000000000e+00 1.961278558335355707e-03 1.490999778912668106e+00 4.242587285703307565e-01 1.483611002813443713e+00 1.862977945969382925e-17 5.212297810583330082e-02 4.242647555009897986e-01 2.780271746963935420e-01
3.700000000000000000e+01 5.000000000000000000e-01 2.000000000000000000e+00 4.656997064052073587e-01 9.098312004150537202e-01 7.697384841086063467e-04 6.518939652597104395e-01 4.657069205385241939e-01 1.451659233120211390e+00 2.972138699818476155e-17 1.161869174431545471e+00
3.800000000000000000e+01 -5.000000000000000000e-01 3.000000000000000000e+00 3.752205762665693500e-01 1.103075885520327315e+00 1.890813803211437551e-03 3.499703269551195928e-01 3.752271906601697959e-01 1.499954541120347651e+00 2.360684630930268093e-17 1.494847575774128856e+00
3.900000000000000000e+01 5.000000000000000000e-01 3.000000000000000000e+00 8.272455860400971996e-04 1.500220525876843292e+00 4.221514492143793040e-01 1.299755731788905022e+00 2.789900320671901504e-17 4.633392720738795378e-01 4.221570082844322558e-01 4.680060540456258411e-01
4.000000000000000000e+01 -5.000000000000000000e-01 4.000000000000000000e+00 3.867887012966256949e-04 1.231668999834017036e-01 2.252564845560268147e-01 1.111756864882309515e+00 4.435453996497673719e-17 9.368097771273211638e-01 2.252606048298015362e-01 6.579849333948581958e-01
4.100000000000000000e+01 5.000000000000000000e-01 4.000000000000000000e+00 2.119231265845271939e-01 1.279336447366594465e+00 1.053225617132731284e-03 2.298339244905720780e-01 2.119267260389498253e-01 1.309975661771115574e+00 1.373237726431997029e-17 1.439950703398330312e+00
4.200000000000000000e+01 -5.000000000000000000e-01 5.000000000000000000e+00 8.187381541583273192e-02 1.477271701561123640e+00 6.826891388305015608e-04 4.135381286675441359e-01 8.187686374339364637e-02 1.119996782421883941e+00 5.493684514273755674e-18 1.241897852372182642e+00
4.300000000000000000e+01 5.000000000000000000e-01 5.000000000000000000e+00 8.238766878500815511e-04 8.252560405839748370e-01 9.649452740302297271e-02 9.253445220008582606e-01 3.416663116369346956e-17 9.910140796813222686e-01 9.649610637091966814e-02 8.479638127440913831e-01
4.400000000000000000e+01 -5.000000000000000000e-01 6.000000000000000000e+00 4.812901950014195746e-04 1.453822879259794698e+00 3.076118100171363473e-02 7.327948123335160657e-01 4.849136085169287685e-17 4.037924525480975912e-01 3.078466193922102523e-02 1.037942692093323682e+00
4.500000000000000000e+01 5.000000000000000000e-01 6.000000000000000000e+00 2.720011290232962967e-02 1.473518980914119814e+00 5.585391385938757829e-04 1.220096609924816278e+00 2.721656968848605584e-02 9.300179030726440921e-01 1.855937782576646198e-18 1.039700255497959747e+00
4.600000000000000000e+01 -5.000000000000000000e-01 7.000000000000000000e+00 7.158498338864959648e-03 1.248086318695401653e+00 4.821943874643160283e-04 6.379715242784674001e-02 7.168550826835432682e-03 7.400390237233964719e-01 4.977413216465570754e-19 8.500002434178756117e-01
4.700000000000000000e+01 5.000000000000000000e-01 7.000000000000000000e+00 3.983933227975225769e-04 1.402977251491703825e+00 8.684607068760473447e-03 5.248064130575952335e-01 4.992165978917915041e-17 1.262930593151242675e+00 8.704222089657655606e-03 1.227921571442556203e+00
4.800000000000000000e+01 -5.000000000000000000e-01 8.000000000000000000e+00 1.105660869545512697e-03 7.855114421777880107e-01 1.998838714858701057e-03 3.568782032498125645e-01 3.580800200834758574e-17 4.977592747006746587e-01 2.015150014554493302e-03 1.417900450791790057e+00
4.900000000000000000e+01 5.000000000000000000e-01 8.000000000000000000e+00 1.561921731342298322e-03 1.441811186220375296e+00 1.063897382407510452e-03 1.225656892851480162e+00 1.712879689953821991e-03 5.500601443741213181e-01 1.351221842361880174e-19 7.841926478219680696e-01
5.000000000000000000e+01 -5.000000000000000000e-01 9.000000000000000000e+00 1.161002660423143210e-03 5.287859990619999673e-01 3.906058811763867184e-04 1.408062786657933607e+00 3.451228774970469286e-04 3.600812650249399782e-01 9.542961126570427925e-20 1.322261073871443093e+00
5.100000000000000000e+01 5.000000000000000000e-01 9.000000000000000000e+00 5.550445726990079886e-04 7.506703804106381606e-01 5.105650754830458543e-04 6.604779181793632992e-01 2.979468818492623127e-17 1.325938250114695460e+00 4.287109616538215223e-04 1.533713323448772092e+00
5.200000000000000000e+01 -5.000000000000000000e-01 1.000000000000000000e+01 5.350131236222484873e-04 7.901769103676712369e-01 4.494031463108392782e-04 9.842521200567048156e-01 1.836879977664126491e-16 9.816948505748599452e-01 7.828990034425492919e-05 1.343734444099615288e+00
5.300000000000000000e+01 5.000000000000000000e-01 1.000000000000000000e+01 9.182883266449651596e-04 1.334701365759920932e+00 1.146278727645884225e-03 1.387068683814583148e+00 6.465673623844946365e-05 1.701023856755199126e-01 2.712054695394183916e-19 1.240841931407637322e+00
5.400000000000000000e+01 -5.000000000000000000e-01 1.100000000000000000e+01 1.070885102022640922e-03 6.477628396999097760e-01 3.113089588918493814e-04 1.089333582461120775e+00 1.058052023076395137e-05 1.987649367321587396e-02 8.571552031506131222e-19 2.445304024026435652e-01
5.500000000000000000e+01 5.000000000000000000e-01 1.100000000000000000e+01 5.539031793407993851e-04 6.353072273769017064e-02 6.154359933082394858e-04 6.190147831700117120e-02 8.922427632235506668e-17 2.183409565351030757e-01 1.339009161695635526e-05 1.153755564751176133e+00
5.600000000000000000e+01 -5.000000000000000000e-01 1.200000000000000000e+01 7.541993177050471597e-04 1.251856608466047405e+00 1.181797455704169551e-03 1.493165327472394166e+00 1.571651633845619172e-16 1.388467333656946856e+00 2.023092781765366817e-06 9.637766853830647129e-01
5.700000000000000000e+01 5.000000000000000000e-01 1.200000000000000000e+01 3.752776607978464325e-04 7.006728044853386406e-01 5.677533622457862613e-04 1.002898719165082220e+00 1.633225643532972022e-06 2.098553730260751538e-01 4.746508692149835477e-18 6.148051874452976628e-01
5.800000000000000000e+01 -5.000000000000000000e-01 1.300000000000000000e+01 1.155871730662051417e-03 2.976196225200140183e-03 1.077860247647864818e-03 9.471276787322856494e-01 2.253114337851636300e-07 3.998342522481713734e-01 1.042899102144883247e-17 4.231190591710404791e-01
5.900000000000000000e+01 5.000000000000000000e-01 1.300000000000000000e+01 4.814990963292523334e-04 2.626864678358463712e-01 5.835413254191421832e-04 1.299995886086363184e+00 2.208109490306795790e-16 1.513306462877989533e+00 2.896834252032531993e-07 7.737978061845042221e-01
6.000000000000000000e+01 -5.000000000000000000e-01 1.400000000000000000e+01 4.876378006337934415e-04 1.794389032858151878e-01 9.494821825033458512e-04 9.841510970533575708e-01 1.142458821351476745e-16 1.970805385015590161e-01 3.736190135851023412e-08 5.838189259737438519e-01
6.100000000000000000e+01 5.000000000000000000e-01 1.400000000000000000e+01 6.473809656997673570e-04 9.138531702167593807e-01 6.094514997814490850e-04 1.425350415678116045e+00 2.960033832588625397e-08 5.898131321668909077e-01 1.666447916525973949e-17 4.983736483116244509e-01
6.200000000000000000e+01 -5.000000000000000000e-01 1.500000000000000000e+01 7.367807284736983863e-04 7.132497982294890015e-02 9.271977744083636543e-04 8.612458373921242361e-01 3.531453008497622261e-09 7.797920176451861307e-01 3.649476827597927561e-17 4.418576789557614459e-01
6.300000000000000000e+01 5.000000000000000000e-01 1.500000000000000000e+01 5.555438159046839066e-04 1.027049248269351844e+00 4.564852235859384101e-04 4.419247685102862810e-01 3.935786801950764826e-17 7.893383920524132957e-01 4.603258300875662041e-09 3.938400546772189426e-01
6.400000000000000000e+01 -5.000000000000000000e-01 1.600000000000000000e+01 8.711747702380462539e-04 1.492138448810975460e+00 6.208961363790447890e-04 3.478666549794003915e-01 5.632169498591441927e-17 1.144917565268147364e+00 5.119571170771224092e-10 2.038611607300743200e-01
6.500000000000000000e+01 5.000000000000000000e-01 1.600000000000000000e+01 1.015411508880406264e-03 9.741111745215800255e-01 8.280574339907760322e-04 8.119444145660893453e-01 3.992178425412089982e-10 9.697710362801675865e-01 7.429182144599511751e-17 3.639315852389680278e-02


1.169427782297134399e-01
8.445194736123085022e-02
1.037254668772220612e-01
1.336342431604862213e-01
1.621501483023166656e-01
1.235622372478246689e-01
1.154695395380258560e-01
1.133922617882490158e-01
6.298667751252651215e-02
6.428898125886917114e-02
6.968358345329761505e-02
4.763760697096586227e-02
5.834372434765100479e-02
4.391854628920555115e-02
3.636523243039846420e-02
3.863206226378679276e-02
1.957857515662908554e-02
2.261575916782021523e-02
1.766638923436403275e-02
1.144203403964638710e-02
1.186152826994657516e-02
1.025409949943423271e-02
3.705455688759684563e-03
7.777173072099685669e-03
6.702042883262038231e-03
3.335952525958418846e-03
3.657615045085549355e-03
3.640553797595202923e-03
2.023443696089088917e-03
2.537309948820620775e-03
1.591015781741589308e-03
1.840301847551018000e-03
1.242436002939939499e-03
1.101093337638303638e-03
7.289130589924752712e-04
7.121821981854736805e-04
5.830267618875950575e-04
4.781450843438506126e-04
3.265096165705472231e-04
2.982549340231344104e-04
3.137955209240317345e-04
1.689984528638888150e-04
2.108893604599870741e-04
1.886446843855082989e-04
1.616292429389432073e-04
1.484457097831182182e-04
1.231928254128433764e-04
1.222501196025405079e-04
9.944976045517250896e-05
8.672185504110530019e-05
7.714380990364588797e-05
6.700995072606019676e-05
6.904811925778631121e-05
4.833582352148368955e-05
5.736290222557727247e-05
4.562311187328305095e-05
4.344560329627711326e-05
4.495028588280547410e-05
3.805112100963015109e-05
3.837427902908530086e-05
3.331187326693907380e-05
3.423186717554926872e-05
3.047085647267522290e-05
3.025757905561476946e-05
2.761569521680939943e-05
2.796081662381766364e-05
2.627276899147545919e-05
2.582080833235522732e-05
2.487705114617710933e-05
2.390401459706481546e-05
2.396488252998096868e-05
2.277365911140805110e-05
2.235394367744447663e-05
2.181368017772911116e-05
2.139581829396774992e-05
2.080010654026409611e-05
2.044601660600164905e-05
1.999722917389590293e-05
1.961031830433057621e-05
1.918374346132623032e-05
1.882640481198905036e-05
1.852854802564252168e-05
1.811222045944305137e-05
1.775382315827300772e-05
1.747444184729829431e-05
1.720801083138212562e-05
1.681818957877112553e-05
1.653826529945945367e-05
1.630302267585648224e-05
1.602017619006801397e-05
1.571482152940006927e-05
1.547796637169085443e-05
1.524557728771469556e-05
1.498146275480394252e-05
1.473578049626667053e-05
1.451776961403083988e-05
1.429236772310105152e-05
1.405977809554315172e-05
1.384893448630464263e-05
1.365181287837913260e-05
1.343766143691027537e-05
1.323251171925221570e-05
1.305224304815055802e-05
1.286081214857404120e-05
1.266434401259175502e-05
1.248885928362142295e-05
1.231765236298087984e-05
1.213836003444157541e-05
1.196688344862195663e-05
1.180634581032791175e-05
1.164508330475655384e-05
1.148285900853807107e-05
1.132892430177889764e-05
1.117920737669919617e-05
1.102808937503141351e-05
1.088182671082904562e-05
1.074044894266990013e-05
1.059877513398532756e-05
1.046069019139395095e-05
1.032720683724619448e-05
1.019389219436561689e-05
1.006289949145866558e-05
9.936156402545748278e-06
9.810633400775259361e-06
9.686266821518074721e-06
9.565027994540287182e-06
9.446354397368850186e-06
9.328649412054801360e-06
9.212856639351230115e-06
9.099949238589033484e-06
8.988396075437776744e-06
8.878367680154042318e-06
8.770650765654863790e-06
8.664553661219542846e-06
8.560204150853678584e-06
8.457677267870167270e-06
8.356830676348181441e-06
8.257878107542637736e-06
8.160661309375427663e-06
8.065148904279340059e-06
7.971410468599060550e-06
7.879444638092536479e-06
7.789219580445205793e-06
7.700643891439540312e-06
7.613817388119059615e-06
7.528718469984596595e-06
7.445266874128719792e-06
7.363495342360693030e-06
7.283347031261655502e-06
7.204863777587888762e-06
7.127978051357786171e-06
7.052584805933292955e-06
6.978797955525806174e-06
6.906523367433692329e-06
6.835656677139922976e-06
6.766268597857560962e-06
6.698311153741087765e-06
6.631693622694001533e-06
6.566415777342626825e-06
6.502477617686963640e-06
6.439785693146404810e-06
6.378324997058371082e-06
6.318095756796537898e-06
6.259010206122184172e-06
6.201071073519415222e-06
6.144254030004958622e-06
6.088491545597207732e-06
6.033787030901294202e-06
5.980108880976331420e-06
5.927404572503292002e-06
5.875666147403535433e-06
5.824872687298920937e-06
5.774975761596579105e-06
5.725963546865386888e-06
5.677821491190115921e-06
5.630505256704054773e-06
5.584006203207536601e-06
5.538305003938148730e-06
5.493368234965601005e-06
5.449186346595524810e-06
5.405737510955077596e-06
5.362998081182013266e-06
5.320956006471533328e-06
5.279592414808575995e-06
5.238886160441325046e-06
5.198826329433359206e-06
5.159396550880046561e-06
5.120577043271623552e-06
5.082358484287397005e-06
5.044724957770085894e-06
5.007660320188733749e-06
4.971154794475296512e-06
4.935193373967194930e-06
4.899764007859630510e-06
4.864855100095155649e-06
4.830454599868971854e-06
4.796550683749956079e-06
4.763133119922713377e-06
4.730190539703471586e-06
4.697712938650511205e-06
4.665690312322112732e-06
4.634111974155530334e-06
4.602969738698448054e-06
4.572253374135470949e-06
4.541954012893256731e-06
4.512063242145814002e-06
4.482572194319800474e-06
4.453472911336575635e-06
4.424756980370148085e-06
4.396416898089228198e-06
4.368445161162526347e-06
4.340834038885077462e-06
4.313576710046618246e-06
4.286665671315859072e-06
4.260094556229887530e-06
4.233856770952115767e-06
4.207945721645955928e-06
4.182355041848495603e-06
4.157079047217848711e-06
4.132111371291102841e-06
4.107446557100047357e-06
4.083078920302796178e-06
4.059002776557463221e-06
4.035213123643188737e-06
4.011704504591762088e-06
3.988472030869161244e-06
3.965510700254526455e-06
3.942815851587511133e-06
3.920382596334093250e-06
3.898206273333926219e-06
3.876282789860852063e-06
3.854607598441361915e-06
3.833176378975622356e-06
3.811984811363799963e-06
3.791029485000763088e-06
3.770305966099840589e-06
3.749810389308549929e-06
3.729539230334921740e-06
3.709488510139635764e-06
3.689654931804398075e-06
3.670034629976726137e-06
3.650624648798839189e-06
3.631421236605092417e-06
3.612421096477191895e-06
3.593621158870519139e-06
3.575018467927293386e-06
3.556609499355545267e-06
3.538391524671169464e-06
3.520361588016385213e-06
3.502520712572732009e-06
3.484869012027047575e-06
3.467393185019318480e-06
3.450091071499628015e-06
3.432955850257712882e-06
3.415996502553753089e-06
3.399212573640397750e-06


