0.000000000000000000e+00
7.481344765913888750e-09
2.384986763637186868e-09
1.513357328342124219e-09
3.228245948339036886e-07
3.534140602390323238e-08
7.272128088597895612e-08
1.787109428774691366e-07
6.765044430201427872e-08
3.006578430664319512e-08
2.534915577480367777e-07
1.479049320241010435e-07
1.472084937004236593e-07
2.613466825729382492e-07
7.393603823624417259e-08
3.121282093898614107e-07
1.372237772301332370e-07
8.750475216645625665e-08
1.956644914979932537e-07
1.337539738410775669e-07
1.117862572508343533e-07
1.333760002442119230e-08
6.587034662164370502e-08
4.178019342993000151e-07
4.307585671284308582e-07
2.644529406570228502e-08
4.075646715950842491e-07
2.316077105379843459e-07
4.587139117440131031e-07
2.882269463100328721e-07
3.107067941265917455e-07
5.985886031290021947e-07
3.916155482019629375e+01
4.705739384983145257e+00
3.408016248803691806e+00
2.548002562947487348e+01
3.877194873144610643e+00
4.074083882629830455e+00
4.319548436532556046e+00
8.402607399386281983e+00
2.476115242865864019e+01
5.804460772152023829e+00
5.088000100385800550e+01
7.068521131439760907e+00
2.887348465882163850e+01
5.492073083215656126e+00
7.426360569185378324e+01
6.064665282811977143e+00
8.699996334756406213e+01
1.212248550477420039e+01
1.167269659504109391e+01
7.966390788696060099e+01
7.409454775286363315e+01
8.178720278934980570e+01
8.726231203907117617e+01
2.935068568695630731e+01
8.538050413206046585e+01
7.990617820454001219e+01
8.523943867108575034e+01
7.978335585701249499e+01
7.434045399198883786e+01
8.711256915203043150e+01
8.710072618355334839e+01
8.710506330711952216e+01
1.736740813014326701e+00
2.290271702282494770e-01
1.482030568005528182e-01
1.267162551464192211e+00
5.041165494355059895e-01
4.561949860929083167e-01
7.514667182000336343e-01
1.437880741352044023e+00
1.738506464517478811e+00
6.966102160065666959e-01
2.563627215113967850e+00
1.305326015298531095e+00
3.604778332514732231e+00
6.262339108243751840e-01
4.236898618034425468e+00
7.889792794672370047e-01
7.024396777994110330e+00
1.957734503266138182e+00
2.582076397045763194e+00
7.212790476400471107e+00
8.353221583699077968e+00
1.104151369594896970e+01
9.060949093119409881e+00
6.408765832318033873e+00
1.699594180243943953e+01
1.125158298353913899e+01
1.759176019647938460e+01
1.300415608977865567e+01
8.768700695678150581e+00
1.759836591365121095e+01
1.435340322417906478e+01
1.085486723553356470e+01
6.658486563352445842e+01
9.646678531456458483e-01
5.049727114204125566e-01
2.844228029919347378e+01
1.766769665717100812e+00
9.928728415351638636e-01
2.379057396035221039e+00
6.428406832636725632e+00
2.822813832769609022e+01
3.396320368170071546e+00
1.124522481884771281e+02
6.248843237363056247e+00
4.483097063358621170e+01
2.171333643195233698e+00
2.388605703573134917e+02
3.454853213443525917e+00
3.501274112954595807e+02
1.341207214252940894e+01
1.385742519064470279e+01
2.715531395524300819e+02
2.341244160299915791e+02
5.113177425162774057e+02
3.149564290435951648e+02
4.394033311599235248e+01
6.313305711587496489e+02
4.631289964792180740e+02
7.050335473830499495e+02
4.323350938230210545e+02
2.235286540115128275e+02
6.494587710295755869e+02
5.170874969414478528e+02
3.219989112596779819e+02
4.474308902653147513e+00
4.390092543898200361e+00
4.477214885420435664e+00
4.340454134193781677e+00
2.194721024669055165e+00
2.540205265863809903e+00
1.700406277650287068e+00
1.424550829554824816e+00
3.785679458317233514e+00
2.214457047389362998e+00
4.383795144901544205e+00
1.425583020990750516e+00
2.683797304743977818e+00
2.263165158916643716e+00
4.308066699482582251e+00
2.060051254684728939e+00
3.693532769295903240e+00
1.799734111300101969e+00
1.112109762212795117e+00
3.919743059281118658e+00
3.642128817165238619e+00
2.685038912262359023e+00
3.931424021958477510e+00
1.861314361338736401e+00
2.023272746680853107e+00
2.753342889953130257e+00
1.941491251132699825e+00
2.664722398083929189e+00
3.875528244920424026e+00
2.031459411811586513e+00
2.403054505789707473e+00
3.559025610494430225e+00
1.802870356737431123e+01
1.751323069805063071e+01
1.804545364681323605e+01
1.719521033613377270e+01
2.816927158572603673e+00
5.917057212349950746e+00
1.197171650517398156e+00
6.710334535023001479e-01
1.378798460706798679e+01
2.944687538498087065e+00
1.748318525480158669e+01
1.396773038472693962e-01
7.211185441497317328e+00
3.974391991412270286e+00
1.703380800593476252e+01
2.581795063800561785e+00
1.300220140044299910e+01
1.936874603291413699e+00
-1.346343991330911649e-02
1.478336849326441182e+01
1.324638014561669408e+01
5.641130967839281141e+00
1.494271210986958565e+01
4.231662026553814293e+00
2.557910264041274750e+00
5.963358785174117216e+00
2.125234701370444235e+00
5.703419756525935469e+00
1.461278566544157087e+01
2.533647432911547703e+00
4.658635084197268128e+00
1.258174871718859933e+01
3.224173150487604357e-04
1.439545219078585570e+00
1.793581006732623884e+00
2.217315344294986890e+00
2.576634718887259368e+00
2.759439816455801608e+00
3.433168815456559830e+00
3.644602674518731433e+00
4.257229250144196619e+00
3.728422018887489919e+00
4.431631885012027539e+00
3.350759476489130861e+00
4.887394358320681143e+00
4.334045332828691421e+00
9.651545723900735452e-02
4.229208642815788899e+00
8.487133237897245830e-02
4.424437050427952656e+00
4.922876392916271548e+00
2.992684296689987478e-01
4.275387142597153911e+00
8.835265380308444591e-03
1.991484130718042603e-02
4.694785610165005174e+00
8.639706756966337303e-03
1.648211505634840715e-02
7.311102872237194676e-03
1.001613037212284972e-02
1.472470601227940032e-02
6.794604369593064581e-03
5.884198794982566962e-03
3.915671483542514965e-03
9.385252704394905265e+01
8.283438877146075185e+01
2.258860499542230471e+01
6.059129497543840870e+01
1.712858254268807201e+01
1.388854529222664382e+02
1.391573858433853559e+02
4.059509952638137520e+01
4.959898317887478925e+01
3.602806079954090279e+01
1.377629706066190067e+02
4.370286163145928526e+01
9.189375931087342053e+01
1.389740896902020211e+02
1.377191535179240987e+02
1.376962841750815301e+02
1.377204885518067101e+02
1.377204712701403650e+02
1.377795915142467891e+02
6.358844541082982715e+01
9.169031042956628141e+01
1.395919516378156402e+02
1.018092025368068931e+02
9.830342366834599943e+01
9.291179903778649418e+01
1.065089431094496888e+02
1.379197785049223342e+02
1.105697865382224450e+02
1.395834814401933954e+02
1.239719989274140346e+02
1.417523740908056880e+02
1.380163693022752796e+02
5.476325773893960580e+00
1.084173585210690938e+01
6.452511040417847177e+00
7.933936233579865771e+00
8.261715663806111110e+00
2.554837755710725489e+01
1.915486945976094546e+01
1.212673422289748260e+01
1.115034428125826693e+01
1.000635090528822779e+01
1.671039165829127882e+01
1.596621715569856903e+01
1.964791349733518189e+01
2.403727324545851474e+01
1.964370974242971002e+01
1.949661579976733350e+01
2.622820499601425226e+01
2.358057762970233640e+01
2.102528180253647250e+01
2.589183546259431168e+01
3.022414967552260379e+01
3.833922900153547886e+01
3.670931698048335790e+01
3.255919997454780912e+01
3.146310982349019625e+01
4.188955408060463270e+01
3.450632808307226895e+01
3.256245026294602951e+01
4.292799672177459058e+01
3.966001761507580170e+01
4.438524729872570163e+01
4.463229794326232280e+01
4.155556740973586329e+02
4.694375244162836793e+02
2.291452270224634091e+01
1.393669772421826281e+02
1.609937095296528753e+01
1.551296706616948541e+03
1.439213875565772923e+03
9.913618589194460640e+01
8.947689559455261588e+01
4.324400528445046632e+01
7.700633440921232022e+02
1.251309447079183030e+02
4.008317135864051579e+02
1.383989160689778600e+03
7.848715123527058495e+02
9.677499951559017290e+02
8.703800259405234101e+02
8.033451938159134897e+02
8.646764955418556156e+02
3.525402293217785541e+02
7.432917840864666914e+02
1.414898299110802554e+03
1.082871579856960352e+03
5.451127778280944085e+02
6.599959496054692636e+02
1.205591437181891024e+03
1.277981791490994283e+03
8.023703098408442429e+02
1.526932595622730105e+03
1.396187017164472763e+03
1.742276836083796070e+03
1.524109439719384454e+03
3.870421665161233538e+00
2.858174553589289069e+00
1.878488471297735662e+00
4.104135381262961069e+00
5.106873153040445423e-01
2.182827501036133988e+00
2.894058657660064870e+00
1.802486952116062913e+00
3.179972652963366286e+00
2.768719360430093701e+00
3.900478565460685498e+00
1.093689626732319287e+00
2.214385183992224171e+00
2.650178181469029060e+00
3.467604118952240633e+00
2.983086874090993046e+00
2.557225838032190168e+00
2.995809553364693567e+00
3.008771065620039042e+00
4.735459126070017954e-01
1.005905712974383137e+00
1.156810344204530994e+00
9.865031989964926362e-01
9.103642688454955945e-01
5.952748646885804851e-01
7.423113932964938710e-01
1.336524910445485714e+00
9.235558056475863253e-01
1.425586864185549141e+00
7.539042287702142353e-01
1.100135910892559243e+00
9.757526777488140235e-01
1.392797748070071862e+01
6.392960155304251657e+00
3.595394648555262584e+00
1.582664772262780062e+01
-4.240797234183597553e-01
3.604612710683159804e+00
6.460719117032246217e+00
2.156897820841463975e+00
1.023715129262549972e+01
8.832022433575142273e+00
1.429714730431459202e+01
1.676528688184402149e-01
5.343776815971098770e+00
5.485051877103462203e+00
1.206057479342524807e+01
7.945596836622877746e+00
7.015973599570141772e+00
9.590780370958491119e+00
9.052032593856930376e+00
-1.031259710091776416e+00
1.461223153206825387e-02
5.210304792342839164e-01
-3.167090129440568447e-01
8.621872936761194595e-01
-3.614966466128102240e-01
-4.716726954727001875e-01
1.477311836558617308e+00
5.419367778678378933e-01
1.219192231871001120e+00
-4.212216290487496018e-01
3.407310689944833548e-01
1.027070866953776473e-01
8.278486092623938930e+01
7.289201265425245424e+01
2.331704324413475149e+01
2.376068210843477146e+01
2.408355647508165021e+01
2.439839827306874298e+01
2.462875002178611439e+01
2.477867687664755181e+01
2.493396540956635121e+01
2.511945761413360145e+01
2.525370866154904803e+01
2.543086792358252168e+01
2.548717409811131418e+01
2.554656949390633969e+01
2.555210262034518109e+01
2.550272147719540428e+01
2.539565022239900216e+01
2.524660586505851967e+01
2.506663885071709075e+01
2.481155089681693937e+01
2.485713535401781726e+01
2.503429151726620461e+01
2.503792834368977083e+01
2.510744380730679026e+01
2.506111043021920182e+01
2.503834149871469705e+01
2.494321702396284834e+01
2.505648893832362845e+01
2.509771594417254548e+01
2.490083102660939218e+01
2.472823437092015553e+01
2.456053080222642748e+01
3.723136459618190202e+02
3.675496561501045676e+02
3.656967225527670280e+02
3.665584441292247675e+02
3.705398679056550009e+02
3.625190441850384104e+02
3.504350017185460615e+02
3.624433663340906264e+02
3.546430102324740119e+02
3.627117867515203216e+02
3.543410378427853402e+02
3.611926418596696635e+02
3.658213877582774103e+02
3.668870978447853304e+02
3.409186403579495277e+02
3.628424622663917489e+02
3.483916428436541537e+02
3.470448460982037773e+02
3.619504998790408195e+02
3.509268863152163362e+02
3.546233449295509104e+02
3.587277883319521266e+02
3.595358036542126001e+02
3.415685707092674193e+02
3.642041809393975882e+02
3.595995986923766736e+02
3.600254128767190309e+02
3.667794359191755120e+02
3.658926446682073106e+02
3.557311381411469711e+02
3.670054659925549458e+02
3.623292488596561043e+02
2.422438253514599467e+02
2.312705943107721680e+02
2.097860452013237875e+02
2.097063218427347522e+02
2.118755302660358382e+02
2.254603089610469340e+02
2.164778714448759160e+02
2.194582093534652643e+02
2.173952172117714952e+02
2.221340537464931799e+02
2.288037493848787278e+02
2.388296133134522847e+02
2.387954475432288746e+02
2.317039058289674642e+02
2.331130203948909241e+02
2.239617154601043296e+02
2.405716489482040004e+02
2.303104383756668483e+02
2.431317927674238035e+02
2.392281201022093171e+02
2.473926277061412691e+02
2.481233876568311700e+02
2.472802451360250302e+02
2.444820365832751179e+02
2.519181783884604329e+02
2.466976593692770621e+02
2.584751655063622593e+02
2.556791325375449162e+02
2.580554905282806999e+02
2.528127814262005870e+02
2.542906311815451943e+02
2.554572204875933892e+02
1.434323968407781285e+04
1.342296949285273877e+04
1.581042105546324819e+04
1.462566899191061930e+04
1.447512161131939683e+04
1.350862748890628973e+04
1.305946116012627681e+04
1.429833152339670960e+04
1.177009338097171531e+04
1.220326280638977005e+04
1.118608677109464770e+04
1.135118023469842956e+04
1.079073177694695369e+04
1.115307292907132069e+04
1.069359635392293967e+04
1.050968629863633578e+04
1.086419267241580928e+04
1.025662165221246141e+04
9.989113167289748162e+03
1.017827726416327823e+04
1.065397928545117611e+04
1.024681773939751292e+04
1.020718961252320878e+04
9.908088329465688730e+03
1.082002831846717891e+04
1.028141995870950996e+04
1.074979017588734132e+04
1.111590412689366894e+04
1.091900187024849947e+04
1.078230904607960656e+04
1.077906344654469831e+04
1.134255951988131164e+04
-1.627786739294420360e-01
-8.726990080414068207e-02
-4.014376024159604928e-02
-5.573811501531102802e-02
-7.887127657823318760e-02
-3.833791102917665228e-01
-2.318491042099800059e-01
-1.764428748188391904e-01
-3.285937820459899905e-01
-3.774913969955061566e-01
-6.080214052415542358e-01
-7.629664182364831460e-01
-8.450235397040093410e-01
-6.638250355690754612e-01
-7.805638627863823453e-01
-5.894450407802140912e-01
-9.049531900413033680e-01
-7.861318686030696057e-01
-1.150271398564096659e+00
-1.026656475651976486e+00
-1.087743838805951935e+00
-1.204690866543011385e+00
-1.191154242551855980e+00
-1.215311466921616068e+00
-1.158530558388690013e+00
-1.157656782382382232e+00
-1.339209948723254939e+00
-1.156480043637901467e+00
-1.269262489735645705e+00
-1.199966783574182294e+00
-1.234351816256136880e+00
-1.119600665742782386e+00
-1.854757991098608949e+00
-1.810494823780011586e+00
-1.541679474351645318e+00
-1.476123256653344429e+00
-1.411927567273843165e+00
-1.185176708480316643e+00
-1.259379909562815314e+00
-1.363249441122917238e+00
-9.857798150245224988e-01
-9.887888722638300543e-01
-5.869325364969566472e-01
-3.106338456347517152e-01
-5.230148650141464017e-02
-4.911037816511374388e-01
-3.138199765821139131e-01
-4.923174721360035200e-01
-7.801824395080636521e-02
-2.231817069083015248e-01
5.112908954599264533e-01
2.181870814474375919e-01
3.799940472840113159e-01
6.209130447446109535e-01
5.969617399383375655e-01
5.871265533619176580e-01
4.823438305138876281e-01
5.226649002819754308e-01
8.640832303745074050e-01
5.244942558781024999e-01
7.519067838127631020e-01
5.295856783050605365e-01
6.248019485165543507e-01
4.050431680806099166e-01
4.981334586665608910e-04
1.923272626023682097e-01
1.791316935639324370e-01
5.483485864445913904e-04
1.772934544460591511e-04
3.873419493614083109e-04
1.768555342056554736e-04
7.329213733375805617e-05
6.041823894231690417e-05
1.485973830794851125e-04
5.884121712279588579e-04
5.230216260088127456e-11
4.773725859053001841e-11
4.325040325880991077e-11
3.887079547126859325e-11
3.486300137467424065e-11
3.149946969926986640e-11
2.865574444399499043e-11
2.624811479279287596e-11
2.451694403049486937e-11
2.304167967537296136e-11
2.268740750821507390e-11
2.291300482681890571e-11
2.310451829856674522e-11
2.133243581781130160e-10
7.910646582232061519e-10
2.200333248936203745e-10
5.434119820790783706e-11
1.230937574092649811e-11
1.016621120619731755e-09
2.347645411404641891e-10
5.072235964576066181e-10
1.000000000000000000e+00
9.999999958058667371e-01
9.999999929499288065e-01
9.999999980444089775e-01
9.999999197279019203e-01
9.999999619458184164e-01
9.999999881034078442e-01
9.999999397841126125e-01
9.999999756944468743e-01
9.999999847887806048e-01
9.999998975334891682e-01
1.661576714960077972e-02
1.254258437020596695e-01
9.999999357997708671e-01
9.999998931300150273e-01
9.999999061707434134e-01
9.999995815237429087e-01
9.999995762678631772e-01
9.999997463746379545e-01
9.999997880761706259e-01
9.999999329769222456e-01
9.999987930943319281e-01
9.999994998150155689e-01
9.713661339858080668e-01
9.999999630221552138e-01
9.999999477734191622e-01
9.999999384904180166e-01
9.999999522084845882e-01
9.999999101619247988e-01
9.999999743150843612e-01
9.999999700664624624e-01
9.999999506039716213e-01
9.469574481482673223e-01
9.588693325075120510e-01
9.643047170763962006e-01
9.135547878035181757e-01
8.695608267930124979e-01
9.044582157787178778e-01
8.393383219238207404e-01
7.668948053462089076e-01
8.572287813544200441e-01
8.695897955544783509e-01
9.128582257290591695e-01
2.023498132416814803e-03
6.001605961106128845e-03
7.575042413862059787e-01
6.729041893797742535e-01
7.268015455316643170e-01
5.159894605855426253e-01
6.267795798437660881e-01
5.060323596339436625e-01
3.962237272199929383e-01
3.105036602894903353e-01
3.579701573842132833e-01
3.032502826980597033e-01
2.233076469345942339e-01
1.321909970657781375e-01
1.308825797692266257e-01
1.310433847747109470e-01
1.304968743560344646e-01
1.326115111166389637e-01
1.406439238470036102e-01
1.308358482178347826e-01
1.312655557562012465e-01
4.467741949928780848e-02
2.870171704301447205e-02
2.929633005290582445e-02
8.203211704654639336e-02
1.185010009467874076e-01
5.063188907470637240e-02
1.204878853041610604e-01
1.650884487905149856e-01
1.186857911884878908e-01
1.185102705083207059e-01
6.081056390152349972e-02
2.106477421798221884e-05
6.787921101314846632e-04
1.573066517354679283e-01
2.158560667524958565e-01
1.908875502762218401e-01
2.335672877227052691e-01
2.235572338515929569e-01
2.417444790364976781e-01
2.179181390836706922e-01
1.792122148853491914e-01
1.490236613110631769e-01
1.534383881867454058e-01
1.268045378246592803e-01
1.181523722812143906e-01
1.184579006510563387e-01
1.184164006563999255e-01
1.185600887334144760e-01
1.180524178741186730e-01
1.181854050860730726e-01
1.184693972396457795e-01
1.183592288165982581e-01
-4.180247179044750183e+00
-4.298937172726698286e+00
-4.477214951129139919e+00
-2.931931756148891122e+00
-2.194689291749677196e+00
-3.118436676911993999e+00
-1.903638803458882256e+00
-1.231260492471350387e+00
-2.087445165972281469e+00
-2.194690633178242756e+00
-2.791259884618702447e+00
2.388835560025261096e+00
4.466054430085106830e+00
-1.178432716588486917e+00
-7.541277530398393658e-01
-1.000691964150363100e+00
-5.388804746435044146e-02
-5.546560501433819290e-01
8.892482387385741704e-03
4.469369490736334050e-01
8.344811364041797574e-01
5.550633909351714301e-01
8.732939839915918601e-01
1.263382268741800818e+00
2.192702844600459944e+00
2.194577762629422946e+00
2.194490799196625375e+00
2.194688768113734145e+00
2.192170155903938600e+00
2.118330701611820910e+00
2.194624859505518888e+00
2.194365742203870262e+00
1.612621935947922225e+01
1.692412057463127439e+01
1.804545402043832425e+01
6.596621522478566035e+00
2.816663701505509820e+00
9.604282029234596507e+00
1.918456035334939358e+00
-3.470095647268487404e-01
2.489756806032875858e+00
2.816667177152893942e+00
6.802689077505833737e+00
4.160037390936810020e+00
1.798098757151951332e+01
-3.279374577317635264e-01
-1.370704309264546339e+00
-9.126064260152477736e-01
-1.904327695090179295e+00
-1.631391046544754975e+00
-1.939899398793928809e+00
-1.699679368554431802e+00
-1.094371823815950329e+00
-1.157466227095373057e+00
-8.459969334141135278e-01
-2.888244294908748344e-02
2.811712657505450075e+00
2.816392648836071544e+00
2.816180228055906731e+00
2.816662337345458234e+00
2.810368273344575840e+00
2.591868247167385064e+00
2.816507406373125022e+00
2.815874261873581474e+00
