0.000000000000000000e+00
7.481344765913888750e-09
2.384986763637186868e-09
2.425694645147302708e-09
3.228245948339036886e-07
2.920666259953463850e-07
7.310051985953691656e-08
1.787109428774691366e-07
6.765044430201427872e-08
3.006578430664319512e-08
9.611364318665160944e-07
7.778025375715369449e-07
1.472084937004236593e-07
2.613466825729382492e-07
4.399136868671327250e-07
3.121282093898614107e-07
1.372237772301332370e-07
5.570463466608721603e-07
1.956644914979932537e-07
1.337539738410775669e-07
1.117862572508343533e-07
2.467796686445034027e-08
7.079976739321480750e-07
4.178019342993000151e-07
4.307585671284308582e-07
2.644529406570228502e-08
4.075646715950842491e-07
2.316077105379843459e-07
4.587139117440131031e-07
2.882269463100328721e-07
3.107067941265917455e-07
5.985886031290021947e-07
8.881784197001252323e-16
2.555989180308415598e-07
1.497513527626281871e-07
5.241633627139918872e-08
1.105287848801594919e-06
2.214196141769875226e-06
2.103424434518608166e-06
1.042897263697772914e-05
1.445385681975164260e-06
2.098541556888600113e-06
4.597470278464022009e-06
5.237055862944428597e-06
6.162713985788381699e-05
5.194496457416875046e-07
1.028398770480665192e-05
4.573349486336475422e-06
4.019022283863193934e-06
5.272282781743076185e-06
4.605808216040507830e-06
6.807591591440065315e-06
9.189346288240862748e-06
9.711983518179145847e-06
7.413999178362828957e-06
5.688330238215466572e-06
1.388926331608725251e-05
3.499384031296903785e-07
4.864816748634259724e-06
1.840084666748786901e-06
8.718120236284043756e-06
8.463353601773082602e-06
9.885766290129716083e-06
9.038783617132395420e-07
2.960594732333750610e-16
1.281826228864228205e-07
6.975414379439826007e-08
2.841782827574708756e-08
6.188291969226137352e-07
9.419952056906785148e-07
9.991671366578931436e-07
3.717671697933688790e-06
8.954432378545836829e-07
9.063720653919767872e-07
2.384960642067002201e-06
2.265215944698602872e-06
2.079754577006635502e-05
4.034174286293712441e-07
3.750111290908483046e-06
2.010753659002310296e-06
1.485135565341503702e-06
2.346840924612644035e-06
1.734957650952513978e-06
2.417746090536502475e-06
3.190323887033071675e-06
3.402696969125503561e-06
3.291256667425912497e-06
2.195457419929454972e-06
5.022469375802474101e-06
2.376066637564215049e-07
2.001443469392313095e-06
8.760707897922012082e-07
3.292762367101964571e-06
3.211830191844159639e-06
3.614146255825900766e-06
7.380472871743037899e-07
2.629536350736706310e-31
1.542440113094273940e-14
5.548812228738700479e-15
6.277469699303274576e-16
1.802667447635632127e-13
1.214062632992551566e-12
1.054367738722234264e-12
3.381477288159269467e-11
5.324392087911814865e-13
1.144475181208125831e-12
3.772249487098759558e-12
6.623876605146458369e-12
1.250347294233060031e-09
1.716278864130238649e-14
3.202052711950788528e-11
5.099335302961086542e-12
4.821992313195987118e-12
6.525634716711103623e-12
6.192125761153441009e-12
1.446099099335548546e-11
2.699744750415334535e-11
2.990521928429271226e-11
1.302012116971599320e-11
9.151095024277659692e-12
5.899008935607377676e-11
3.348741977448425160e-14
6.175486198381456544e-12
7.233840638994571344e-13
2.209061156709312574e-11
2.077258317706254148e-11
2.952801302169001703e-11
2.382208640936702549e-14
7.071067811865477948e-01
9.903948695729132556e-02
3.024886985928791350e-01
-1.452545461019421058e-01
6.582609179539247179e-01
7.066056474092319295e-01
3.092047947659218310e-01
7.039460700328009635e-01
-5.981108386558570134e-01
4.951311997272866416e-01
6.229908042651052247e-01
7.071057097525194068e-01
7.069655960342597911e-01
-3.507153739531921333e-01
7.069208212506397082e-01
5.999887783898361082e-01
7.027830742027659783e-01
6.553010634136767765e-01
7.015668453532506454e-01
7.053615342374097708e-01
7.063707814411049890e-01
7.018013542449162978e-01
6.411262438153684240e-01
7.067679016996163410e-01
7.057550842722029039e-01
-7.027785282729810401e-01
6.935762833391074800e-01
5.927952522374916322e-01
7.049855483104422449e-01
6.935422961111538109e-01
7.040799260999880405e-01
3.047390929204575882e-01
-1.499999999999999556e+00
-1.500000000000000666e+00
-1.499999999999999778e+00
-1.500000000000000444e+00
-1.499999999999999556e+00
-1.500000000000000222e+00
-1.499999999999999556e+00
-1.500000000000000222e+00
-1.500000000000000444e+00
-1.500000000000000222e+00
-1.500000000000000222e+00
-1.500000000000000000e+00
-1.500000000000000444e+00
-1.499999999999999556e+00
-1.500000000000000444e+00
-1.499999999999999778e+00
-1.500000000000000444e+00
-1.500000000000000222e+00
-1.500000000000000444e+00
-1.499999999999999778e+00
-1.499999999999999556e+00
-1.500000000000000444e+00
-1.500000000000000222e+00
-1.500000000000000000e+00
-1.500000000000000222e+00
-1.500000000000000000e+00
-1.500000000000000666e+00
-1.500000000000000222e+00
-1.500000000000000000e+00
-1.499999999999999778e+00
-1.499999999999999778e+00
-1.499999999999999778e+00
3.224173150487604357e-04
1.439545219078585570e+00
3.083219760407702736e+00
2.217315344294986890e+00
3.122171969247615753e+00
7.087644092100707560e+00
3.433168815456559830e+00
3.983841584373458478e+00
4.257229250144196619e+00
3.728422018887489919e+00
4.747604010867259028e+00
6.390406581310047684e+00
5.198437751115417171e+00
5.858311295934854002e+00
5.265310832131557817e+00
4.229208642815788899e+00
5.066849310166017695e+00
6.383863006191624834e+00
4.922876392916271548e+00
5.334319489230676226e+00
4.275387142597153911e+00
5.685071844765564819e+00
4.743910586494423320e+00
4.694785610165005174e+00
5.854947225917864984e+00
4.595285988536033983e+00
4.960775178505592464e+00
4.880455917091279794e+00
5.956163683603753256e+00
5.557627735040952643e+00
6.246131092401708607e+00
5.502189503044554897e+00
9.902409759516629315e-03
4.060094737390107511e+00
4.663751739745976899e+00
4.453056981571706707e+00
7.723625254484020708e+00
1.033605938245731615e+01
1.016021778011015719e+01
8.744690580788775591e+00
9.941728006479236157e+00
6.246374805797914931e+00
8.752263301892170944e+00
1.142326210930322539e+01
1.289584614628027737e+01
1.079647327922237565e+01
1.157693906397189565e+01
1.152653500065442671e+01
1.353349204885464729e+01
1.344141128415523667e+01
9.143658842546065202e+00
9.511283630820033252e+00
1.122580488468026871e+01
8.904157100600725627e+00
9.949705763612374909e+00
1.001285677246532657e+01
1.095614838910116973e+01
1.282780771664180719e+01
1.127039050772799911e+01
1.002473258220387997e+01
1.086150858976105305e+01
1.037120256343849078e+01
1.044801552316213566e+01
1.063455172594442821e+01
6.625447950427423849e-03
2.424209417078114992e+00
3.621683869274315182e+00
3.432310862021660913e+00
5.236672275544082211e+00
8.274853430562448153e+00
6.349165129708239874e+00
6.550249531361810540e+00
7.029707929678966849e+00
5.036524327547977187e+00
6.872751464020711687e+00
8.443367443278519957e+00
7.915415441999844148e+00
7.640040970227338413e+00
8.173410467088405795e+00
7.151521041188062533e+00
8.086339111640008070e+00
8.941526162932106558e+00
6.552076456857633069e+00
6.800709001360051964e+00
6.784583378117915231e+00
6.921275921274151699e+00
7.178565628319131697e+00
6.862944766615139969e+00
7.678799209336297338e+00
7.720040894539361709e+00
7.152049263365746867e+00
7.265768176167391346e+00
7.815685679277389220e+00
7.488626853446967324e+00
7.654256223362177813e+00
7.634625569519635668e+00
2.981188321509599908e-05
2.034886657090115847e+00
8.147328959548070237e-01
1.277934788682183465e+00
5.397383829072674999e+00
3.210953034875084100e+00
1.191414132687377148e+01
5.770190321328265703e+00
8.092985378856758061e+00
1.592261625911761680e+00
4.054576650919260672e+00
6.976813399239492952e+00
1.865493865837721188e+01
7.513716443690142910e+00
1.014325012647777946e+01
1.489549936240553407e+01
2.234117104162281464e+01
1.528141654343591682e+01
5.148385921684182520e+00
5.522754814671055001e+00
1.487661793332343407e+01
3.008772492988327052e+00
6.859992520121028114e+00
7.793349214801413183e+00
8.090053901655897661e+00
1.989285569547674015e+01
1.273800227861320522e+01
6.720607547001577586e+00
7.071084557450172170e+00
6.471749164385715680e+00
5.853944729758344678e+00
7.149689788883147656e+00
-7.054274761165355567e-01
6.638898571151606864e-01
7.059204165250317908e-01
-3.063556854442349153e-01
2.869514045159031745e-01
6.828800107493612215e-01
4.443498706733541304e-01
-2.776550546573818279e-01
8.989580012818131072e-02
-1.421769876000062993e-01
-2.207720481430658077e-01
5.653033129261035850e-01
6.983459332254949858e-01
6.896071326007042757e-01
2.788632361366640833e-01
5.935219359355170532e-01
6.946556108685526532e-01
6.874404816382675421e-01
6.390242248460662466e-01
7.000014847364797177e-01
6.893351728833194692e-01
6.442768984642285313e-01
2.321203300108517775e-01
5.661642387094246720e-01
6.936434170827578960e-01
6.553352599341906171e-01
7.027498918118131321e-01
2.592882910981861855e-01
6.564606173609496276e-01
5.910319007043731698e-01
7.070380425258658841e-01
5.332823328390591255e-01
-1.499999999999999778e+00
-1.500000000000000222e+00
-1.499999999999999334e+00
-1.499999999999999556e+00
-1.500000000000000444e+00
-1.500000000000000222e+00
-1.499999999999999556e+00
-1.500000000000000000e+00
-1.499999999999999778e+00
-1.500000000000000222e+00
-1.500000000000000222e+00
-1.500000000000000666e+00
-1.500000000000000000e+00
-1.500000000000000222e+00
-1.499999999999999778e+00
-1.500000000000000222e+00
-1.499999999999999778e+00
-1.500000000000000444e+00
-1.500000000000000666e+00
-1.499999999999998890e+00
-1.499999999999998890e+00
-1.499999999999999778e+00
-1.500000000000000000e+00
-1.499999999999999778e+00
-1.500000000000000222e+00
-1.499999999999999778e+00
-1.499999999999999778e+00
-1.499999999999999778e+00
-1.499999999999999112e+00
-1.499999999999999112e+00
-1.500000000000000000e+00
-1.499999999999998002e+00
8.278486092623938930e+01
1.352473208523603034e+02
2.331704324413475149e+01
2.376068210843477146e+01
2.408355647508165021e+01
2.439839827306874298e+01
2.462875002178611439e+01
2.477867687664755181e+01
2.493396540956635121e+01
2.511945761413360145e+01
2.525370866154904803e+01
2.543086792358252168e+01
2.548717409811131418e+01
2.554656949390633969e+01
2.555210262034518109e+01
2.550272147719540428e+01
2.539565022239900216e+01
2.524660586505851967e+01
2.506663885071709075e+01
2.481155089681693937e+01
2.485713535401781726e+01
2.503429151726620461e+01
2.503792834368977083e+01
2.510744380730679026e+01
2.506111043021920182e+01
2.503834149871469705e+01
2.494321702396284834e+01
2.505648893832362845e+01
2.509771594417254548e+01
2.490083102660939218e+01
2.472823437092015553e+01
2.456053080222642748e+01
3.692619215692246257e+02
3.463498998978741952e+02
2.333717380972727895e+01
2.388005373576105228e+01
2.410446160045073682e+01
2.447366064016865295e+01
2.475289504697393284e+01
2.487571893316028593e+01
2.539231326480717854e+01
2.530868044608181577e+01
2.538182598156396352e+01
2.558403595252339002e+01
2.571943939450106598e+01
2.750451735093937700e+01
2.589156314587306440e+01
2.593927833534424465e+01
2.567057776492340793e+01
2.683543073393677858e+01
2.607909795197899427e+01
2.518340243075871854e+01
2.515413971151267347e+01
2.583896813375749701e+01
2.577188009585490036e+01
2.622103165144818249e+01
2.567741810771970989e+01
2.608624027694613545e+01
2.601423997385514753e+01
2.598349049660683008e+01
2.584373990835485557e+01
2.582889988552495097e+01
2.567160091280796763e+01
2.551091475883133697e+01
2.652966369105069475e+02
2.629779642646623756e+02
2.332458564959279101e+01
2.380079957096794274e+01
2.409566240374002533e+01
2.442783532121343981e+01
2.470866560636940790e+01
2.481559839410824964e+01
2.509869998786683709e+01
2.519415832621365325e+01
2.531193313415718293e+01
2.549632262200407240e+01
2.558589152947477530e+01
2.621772558756781635e+01
2.567680891596086568e+01
2.570062625123543754e+01
2.552022527074486291e+01
2.581400174718510243e+01
2.540527680202754013e+01
2.494226572469769465e+01
2.496762251109189990e+01
2.530384172220178485e+01
2.530294658629769344e+01
2.552296679761881748e+01
2.527133566698916312e+01
2.540745246268524582e+01
2.532183955757926697e+01
2.537616394174696310e+01
2.535767955971913423e+01
2.530060755017541041e+01
2.520587206574041872e+01
2.494701675712635947e+01
2.514444004332717668e+04
1.261684593678990313e+04
1.204046479599204546e-04
4.711157450468132953e-03
1.174569238046051548e-04
1.617537540489284893e-03
4.808122473776069335e-03
2.757936135151711765e-03
6.497797832329317569e-02
1.014062842129621715e-02
4.205625149782360288e-03
6.236696299555395152e-03
1.439666130861038881e-02
1.242645411079599027e+00
3.488983495121867479e-02
4.889073005757699208e-02
1.939464594486996554e-02
7.857006610631298571e-01
3.405291904204268416e-01
4.371313420935669936e-02
2.638832271120786568e-02
2.147741554240228945e-01
1.658573706978128948e-01
3.698919001347548696e-01
1.237288215939613412e-01
3.464477760590427557e-01
3.606149595336952118e-01
2.768905335477560570e-01
1.774777383187552127e-01
2.277151871309910369e-01
2.225914735794402854e-01
2.494136920066673813e-01
-6.867204236171593479e-01
-6.123568201750244633e-01
6.661473056975582008e-01
7.069443660878115265e-01
-5.083456166366131512e-01
6.242926501323514676e-01
-6.950501747009717457e-01
6.531796684633399686e-01
6.913997162349693193e-01
6.128727532002368195e-01
3.198451095801594368e-01
4.766613002862299941e-01
4.883530278924089751e-01
7.051339787273422921e-01
6.798175563186967807e-01
3.270525587262249068e-01
3.283943595240688129e-01
6.941176506376918187e-01
7.070788997263153242e-01
6.996201004442726967e-01
6.714831729987830178e-01
7.070482876963660734e-01
6.892416353633393777e-01
6.692652753204818561e-01
7.057797358038906399e-01
6.990044582916374871e-01
6.978424531342440895e-01
7.041616944529428546e-01
7.019692850311249899e-01
4.588778079087514339e-01
-4.634208584026733996e-02
5.702612081698327229e-01
-1.499999999999999778e+00
-1.500000000000000222e+00
-1.499999999999648281e+00
-1.499999999999880540e+00
-1.500000000000544231e+00
-1.499999999999639400e+00
-1.500000000000000000e+00
-1.500000000000000000e+00
-1.499999999999984235e+00
-1.500000000000106137e+00
-1.500000000000028644e+00
-1.499999999999964917e+00
-1.500000000000000222e+00
-1.499999999999992450e+00
-1.500000000000000222e+00
-1.499999999999982681e+00
-1.500000000000000444e+00
-1.499999999999999778e+00
-1.500000000000000444e+00
-1.499999999999980238e+00
-1.500000000000000000e+00
-1.499999999999999778e+00
-1.499999999999980016e+00
-1.499999999999993783e+00
-1.499999999999999778e+00
-1.499999999999986233e+00
-1.500000000000019762e+00
-1.500000000000015321e+00
-1.499999999999989786e+00
-1.500000000000011324e+00
-1.500000000000000444e+00
-1.500000000000000222e+00
1.000000000000000000e+00
9.999999533529935203e-01
9.999995462819921688e-01
9.999999475291059259e-01
9.999996562531199285e-01
9.999982819208163010e-01
9.999995481611556603e-01
9.999982392652244645e-01
9.999996458646083219e-01
9.999993146366537022e-01
9.999994646389247510e-01
5.230216260088127456e-11
4.773725859053001841e-11
4.325040325880991077e-11
3.887079547126859325e-11
3.486300137467424065e-11
3.149946969926986640e-11
2.865574444399499043e-11
2.624811479279287596e-11
2.451694403049486937e-11
2.304167967537296136e-11
2.268740750821507390e-11
2.291300482681890571e-11
2.310451829856674522e-11
9.999991531948105861e-01
9.999990671012525256e-01
9.999990918790364613e-01
9.999990196235432061e-01
9.999990248526482439e-01
9.999993426613066339e-01
9.999992814981484290e-01
9.999992471883905054e-01
1.000000000000000000e+00
9.999999933940045826e-01
9.999999864160107332e-01
9.999999980444089775e-01
9.999999197279019203e-01
9.999996566406892384e-01
9.999999881034078442e-01
9.999999397841126125e-01
9.999999756944468743e-01
9.999999847887806048e-01
9.999998891029451276e-01
5.637215250153815305e-09
5.934362334869547340e-09
5.814662529246561462e-09
5.421062931887377090e-09
4.837516942579611623e-09
4.346849991065937502e-09
3.959483851900813534e-09
3.757176791907568258e-09
3.594000541617958788e-09
3.420925098751581572e-09
3.051546348942224540e-09
2.620109573747697596e-09
2.075459692996162175e-09
9.999999630221552138e-01
9.999999477734191622e-01
9.999999384904180166e-01
9.999999522084845882e-01
9.999999101619247988e-01
9.999999743150843612e-01
9.999999700664624624e-01
9.999999506039716213e-01
1.000000000000000000e+00
9.999999762117367519e-01
9.999998388601684107e-01
9.999999803105361629e-01
9.999998285707013546e-01
9.999991822219927995e-01
9.999997994407497925e-01
9.999993699552286452e-01
9.999998323169162484e-01
9.999997233049048306e-01
9.999996175120436925e-01
1.922212944371892718e-09
2.016970812590557216e-09
1.973177769324744545e-09
1.838435662963415091e-09
1.640926320748784967e-09
1.474930881132744837e-09
1.343732421628847767e-09
1.274678880965514743e-09
1.219157108600654738e-09
1.160503693142800330e-09
1.037022023808731319e-09
8.934645986021413330e-10
7.117533229461514566e-10
9.999996875872533275e-01
9.999996542034298441e-01
9.999996499059314869e-01
9.999996308857200811e-01
9.999995810272110930e-01
9.999997125411889121e-01
9.999997232672849234e-01
9.999997159682436632e-01
0.000000000000000000e+00
4.249874239772034282e-16
6.420309662430985138e-14
8.077706972133827549e-16
2.229499574345203833e-14
6.084955973785840278e-13
5.132795682030948523e-14
9.588650195491999408e-13
2.858850792470530756e-14
1.285233985756610581e-13
5.561286001914582318e-14
1.035108559786269166e-17
1.150957829919584916e-17
1.106783823450343530e-17
9.626481693874692483e-18
7.663704044638006970e-18
6.185995359138657856e-18
5.131668512581805449e-18
4.622148486778700912e-18
4.229963104501477420e-18
3.832181279707115616e-18
3.043781212017733542e-18
2.236029412623036449e-18
1.394817478232287364e-18
2.142493380297677245e-13
2.585167252837381677e-13
2.336371164667954693e-13
2.804773154207411144e-13
2.346034486127693446e-13
1.085118020325243189e-13
1.470415444440075430e-13
1.648159735152536866e-13
0.000000000000000000e+00
-4.675029562027105401e-01
-7.070272512928683639e-01
-7.000067766125310786e-01
-7.035426730990026467e-01
-7.040282985766675994e-01
-4.689655138584171157e-01
-7.070400625362864844e-01
-4.376445806766189883e-01
-6.271062203802435508e-01
6.904562454109453018e-01
7.070594413764653696e-01
7.070760813775653908e-01
7.070825267974192307e-01
7.070842768428488023e-01
7.070817272054248370e-01
7.070780639044682570e-01
7.070746284355768907e-01
7.070712737343417542e-01
7.070675847686326287e-01
7.070631213594535946e-01
7.070544908616333002e-01
7.070324133778799203e-01
7.070014317378437996e-01
-7.060988378100306884e-01
-7.071067770568889577e-01
-7.058593893719036227e-01
-7.043143685495375506e-01
-6.719271692481515457e-01
-5.379701970348003126e-01
-6.926017502795545067e-01
-7.071056140659837119e-01
-3.000000000000000000e+00
-1.500000016445645512e+00
-1.500000001517658221e+00
-1.499999995534678110e+00
-1.499999999145757101e+00
-1.500000000000000444e+00
-1.499999999624717528e+00
-1.500000000392718302e+00
-1.499999999530733152e+00
-1.500000000317135429e+00
-1.499999998407555157e+00
-1.500000000000000000e+00
-1.500000000000000000e+00
-1.499999999999999556e+00
-1.500000000000000222e+00
-1.500000000000000000e+00
-1.500000000000000000e+00
-1.500000000000000000e+00
-1.500000000000000000e+00
-1.499999999999999778e+00
-1.499999999999999778e+00
-1.499999999999999778e+00
-1.500000000000000000e+00
-1.500000000000000444e+00
-1.500000000276566769e+00
-1.499999999747863910e+00
-1.500000000000000222e+00
-1.500000000482216933e+00
-1.500000000000000666e+00
-1.500000000296084046e+00
-1.500000000000000222e+00
-1.500000000631552366e+00
